1	28	26	-65
32	45	15	-54
63	111	-30	80
94	-52	-37	24
125	-91	16	-15
156	12	12	-51
187	-72	20	-96
218	-68	49	18
249	2	-12	-5
280	-41	-40	-18
311	-24	10	-119
342	-13	80	2
373	-84	57	-7
404	-36	20	-65
435	-5	-38	39
466	-93	45	15
497	-36	47	-24
528	-42	47	-34
559	-29	29	-32
590	-40	13	64
621	-83	10	53
652	-13	-28	59
683	-85	29	17
714	-55	20	-36
745	-55	22	-61
776	-64	-15	-17
807	11	43	121
838	-32	0	27
869	-42	27	-14
900	-51	-10	11
932	-55	-12	-65
962	-9	2	121
993	-24	8	-21
1024	-33	25	48
1055	-35	42	-17
1086	4	23	-14
1117	-101	79	-21
1148	3	18	-12
1179	-9	9	97
1210	-62	-24	31
1241	-50	-40	-4
1272	-81	-2	-34
1303	-33	26	-15
1334	-62	47	48
1365	-33	23	-95
1396	-16	-4	68
1427	-81	89	-21
1458	-80	45	-21
1489	-21	-18	77
1520	-55	-22	-67
1551	-71	65	12
1582	-37	29	-17
1613	-28	13	-1
1644	1	23	-37
1675	-31	50	-118
1706	-41	47	33
1737	-46	30	-65
1768	7	-18	-23
1799	-61	-2	-1
1830	-65	30	-2
1861	-72	53	-30
1892	1	-2	-59
1923	-19	-8	84
1954	-74	-20	29
1985	-69	40	-2
2016	-54	6	58
2047	-89	20	-87
2078	-1507	49	324
2109	-6310	1135	-3029
2140	3336	-208	-1656
2172	29	-1158	-678
2202	1707	-986	-5478
2233	1839	2730	-4202
2264	-52	2650	-1007
2295	-887	376	8
2327	-2734	1511	-78
2357	-1111	-1252	100
2388	-751	-443	90
2419	-975	-475	559
2450	-505	-402	-418
2482	-683	-168	87
2512	-292	-383	1
2543	286	-40	-371
2574	-100	-115	-578
2605	-693	-101	-908
2637	-3589	1235	-593
2667	781	189	415
2698	472	223	-18
2729	-602	-1011	405
2760	588	671	-18
2792	-1125	754	285
2822	-24	-234	-42
2853	-118	-428	689
2884	487	-606	155
2915	-91	196	-212
2947	5045	2016	-658
2977	7211	1366	-1025
3008	943	-866	-1886
3039	-2009	-486	-1322
3070	-783	-1365	-1137
3102	906	62	-1854
3132	34	1031	-4
3163	3598	622	-1501
3194	-94	-1794	-1492
3225	-6	-549	-1606
3257	14	-2043	-1369
3287	734	-2332	-1936
3318	-260	-1399	-1079
3349	-224	-315	-1195
3380	-1049	-4	-29
3411	-484	411	56
3442	-864	612	389
3473	-637	408	141
3504	1010	-211	-918
3535	1482	-690	-554
3567	598	-245	-92
3597	2055	-796	-305
3628	1726	-724	-303
3659	511	-84	159
3690	274	-205	-61
3722	-82	648	456
3752	640	-181	52
3783	1356	-482	242
3814	2678	-1546	701
3845	901	555	270
3877	3408	-1713	982
3907	3352	-635	869
3938	-254	1838	371
3969	-5038	2807	61
4000	-1863	2698	-405
4032	-19	105	11
4062	-1650	1811	61
4093	-1011	1366	-475
4124	-1027	759	891
4155	-713	-439	427
4187	-1342	-1011	-247
4217	-344	387	480
4248	1174	324	-1009
4279	194	289	1977
4310	1119	886	1605
4342	651	-412	3285
4372	-706	340	2693
4403	1264	-744	1177
4434	-37	-512	-149
4465	-2422	1724	1817
4497	-38	-1064	420
4527	-435	922	757
4558	1228	-333	922
4589	279	521	814
4620	308	-279	1126
4652	-56	547	229
4682	264	568	1495
4713	-342	411	319
4744	88	618	1092
4775	830	152	762
4807	32	614	484
4837	-604	585	1155
4868	-822	507	264
4899	49	-202	-1378
4930	933	-57	-2418
4962	877	294	-3503
4992	-374	1615	-4140
5023	-4255	1229	-2019
5054	-4197	2093	-2541
5085	-1130	5051	-4918
5117	-2532	3681	-3598
5147	-2674	1998	-3909
5178	6691	1511	-2948
5209	-529	-2104	598
5240	-3879	-475	-172
5272	-7791	-1207	-2636
5302	-1212	-510	-6559
5333	60	1444	-3431
5364	-958	-582	-2941
5395	-165	-88	1877
5427	2106	216	8413
5457	-3611	4172	13846
5488	-8915	-2137	14648
5519	-7505	-9004	11803
5550	-5509	-12805	7432
5582	-4024	-14368	3767
5612	-3376	-14791	625
5643	-3472	-14634	-2214
5674	-23273	5197	-1014
5705	-522	-2736	1175
5737	-3987	1330	3679
5767	-2122	1038	3696
5798	-2705	-2573	4250
5829	5059	202	5262
5860	-4479	1497	2799
5892	2273	202	636
5922	319	-577	-5265
5953	2029	-3057	-10529
5984	-4532	-3833	-12367
6015	-5031	10	-12944
6047	-4499	4109	-12303
6077	-3333	6835	-11057
6108	-1846	8532	-9598
6139	-275	9166	-9065
6170	3675	-462	-2575
6202	-9601	524	-4006
6232	-810	8083	-8050
6263	-1117	-4373	-103
6294	-1704	-315	-500
6325	-2247	1755	551
6357	-3436	4216	912
6387	1831	612	-3087
6418	3921	-132	620
6449	6661	1715	-2302
6480	11254	-924	-3095
6512	768	373	2254
6542	-1629	3691	3573
6573	-2669	1765	10775
6604	1513	861	1810
6635	2901	-498	-2463
6667	2093	-2910	-10104
6697	-468	-6236	-12367
6728	-1798	-5480	-13020
6759	-2883	-3452	-13674
6790	-3400	-610	-13972
6822	-3118	2423	-13773
6852	-2259	4770	-13107
6883	-1015	6060	-12622
6914	-15017	-128	3418
6945	1400	-4665	220
6977	-3406	-2419	803
7009	-12379	-4017	5
7038	-1833	-1911	-5497
7069	-3283	-2665	-4791
7100	-1006	1264	547
7132	97	39	3030
7162	130	1377	7638
7193	1026	2353	11183
7224	-5562	711	15118
7255	-5100	-4246	14488
7287	-3465	-7851	12910
7317	-1427	-9562	11744
7348	609	-9729	11541
7379	2585	-8238	12468
7410	4106	-5210	13854
7442	-6507	7110	-494
7472	-5226	-1314	4887
7503	471	2373	-913
7534	-6437	795	-1826
7565	-2938	1841	93
7597	-5645	3984	4996
7627	-3053	841	5422
7658	-137	243	-2368
7689	-2365	-1973	-7526
7720	-1447	-5784	-12679
7752	-5613	-2776	-15158
7782	-5548	2720	-15055
7813	-4157	7234	-13496
7844	-2112	9858	-11809
7875	102	10601	-11101
7907	2210	9749	-11796
7937	-8744	-1813	8873
7968	-251	-5748	1345
7999	-3831	530	-938
8030	-5415	-2832	1835
8062	-748	-5454	-1764
8092	-3667	-3975	-2028
8123	-1697	443	231
8154	466	2310	2179
8185	26	8364	5262
8217	-5327	13191	7007
8247	-9742	7896	13634
8278	-10711	-1807	15427
8309	-9094	-10354	11639
8340	-6923	-14567	5695
8372	-6092	-15615	-330
8402	-6699	-14376	-5747
8433	-2964	10065	3597
8464	-1326	-348	3803
8495	-4635	-3287	-232
8527	-2116	3146	3765
8557	-362	4121	5362
8588	-470	3054	4480
8619	-936	-440	-453
8650	-842	-520	-4410
8682	2725	-3850	-8821
8712	-1142	-7521	-10879
8743	-3287	-6323	-12729
8774	-4416	-3043	-13663
8805	-4678	1089	-14060
8837	-3942	5000	-13268
8867	-2483	7534	-11939
8898	-783	8639	-11119
8929	-22039	-5109	5977
8960	4890	-4297	1177
8992	-2858	1968	-71
9022	-802	-362	241
9053	-3573	-533	-607
9084	-4746	-948	-2008
9115	-462	-3071	-4372
9147	-413	-652	616
9177	-7	3146	4137
9208	251	10256	8179
9239	-3926	11310	11350
9270	-6218	7186	14069
9302	-7385	555	15821
9332	-6621	-6125	14583
9363	-4564	-10568	11703
9394	-2300	-12595	9461
9425	-243	-13005	8485
9457	4054	5011	-1770
9487	-2660	388	-452
9518	-437	403	-571
9549	-2980	-1385	-131
9580	-2761	-1823	427
9612	-4903	521	228
9642	-263	3002	3428
9673	-3345	2864	6319
9704	2266	2452	4923
9735	-156	-1679	-3809
9767	536	-5832	-7218
9797	-10483	-5605	-12465
9828	-10754	3756	-13360
9859	-9092	11011	-8847
9890	-7841	13881	-2304
9922	-8136	13242	4392
9952	-9810	9053	10499
9983	-11033	911	13578
10014	-32768	1711	-8487
10045	14777	-654	-1261
10077	-2895	-75	1769
10107	-3138	1474	-259
10138	-6086	1307	2385
10169	-2278	3539	6576
10200	396	2279	2154
10232	-176	-993	-1284
10262	-191	-2566	-4965
10293	-1038	-6299	-8825
10324	-4814	-8256	-15540
10355	-6403	-2180	-17312
10387	-5831	5043	-16753
10417	-3754	9702	-14372
10448	-995	11768	-12762
10479	1699	11457	-13012
10510	-1360	-2934	6714
10542	-2203	-5591	-1805
10572	-3650	1293	175
10603	-3163	-3521	1924
10634	-3374	-5602	869
10665	-1713	-6745	-2346
10697	361	-1583	440
10727	50	2337	92
10758	872	7746	1804
10789	-1557	13061	2126
10820	-1568	15796	5821
10852	-3676	14663	8240
10882	-6120	11686	11857
10913	-8368	5312	15508
10944	-8749	-3371	15988
10975	-6969	-10424	12518
11007	-2243	10098	1296
11037	-4718	-325	981
11068	-1704	-1187	-802
11099	-5555	975	242
11130	1408	5766	1643
11162	2602	4926	2363
11192	-1336	-2474	-1275
11223	594	-4177	-1571
11254	-1737	-10247	-4825
11285	-2327	-12880	-8613
11317	-4541	-10667	-11000
11347	-6413	-6494	-13757
11378	-7319	-37	-15125
11409	-6371	6474	-13665
11440	-4422	10761	-10813
11472	-2515	12761	-8163
11502	5299	-9363	4366
11533	-2967	1220	-2095
11564	-2012	-4478	2507
11595	-5317	-3946	521
11627	-5022	-4221	-2463
11657	-3079	-85	355
11688	-722	-192	-368
11719	-3307	2768	2834
11750	-1510	3850	6984
11782	-956	7465	10813
11812	-4457	5960	13687
11843	-5513	1538	14719
11874	-5206	-3364	14280
11905	-3806	-7173	12966
11937	-1860	-9229	11547
11967	7	-9612	10988
11998	-183	-8178	10704
12029	-81	9075	1962
12060	-3233	-991	1183
12092	-2613	4874	452
12122	-9309	2940	3688
12153	-597	2589	2205
12184	-917	-142	1121
12215	-1057	-883	-3679
12247	-544	-1570	-7706
12277	166	-3786	-11504
12308	-2318	-3220	-14204
12339	-2864	-773	-14476
12370	-2753	1982	-14424
12402	-1927	4058	-13826
12432	-744	5269	-13332
12463	615	5384	-13373
12494	1810	4391	-13474
12525	1499	-144	12203
12557	-5003	-4082	1634
12587	-611	-2800	3417
12618	-2421	-602	5571
12649	2471	3195	3669
12680	1108	-827	1841
12712	3092	-911	-2242
12742	-617	-1277	-6717
12773	1654	-3645	-10164
12804	2434	-8800	-14690
12835	-143	-9831	-14274
12867	-2702	-8410	-15052
12897	-4609	-4705	-16432
12928	-5247	751	-17088
12959	-4174	5833	-16031
12990	-14491	-71	3931
13022	-1114	-7583	-705
13052	-5738	-2484	1682
13083	-375	-4314	2051
13114	-12843	-3552	-959
13145	-755	-2645	-4735
13177	-85	-1431	-3244
13207	106	1762	824
13238	-1625	3172	5693
13269	-726	7768	7499
13300	-2126	6272	10299
13332	1218	8531	10835
13362	-517	8775	10449
13393	-2179	7825	11295
13424	-3732	5653	12237
13455	-4751	2280	13350
13487	-4887	-1834	13342
13517	-26358	3751	-10102
13548	1439	5023	510
13579	-5708	-3176	1600
13610	-2942	4206	606
13642	-1183	3693	950
13672	-1140	116	688
13703	-39	-1402	-676
13734	-406	-4258	-5160
13765	-1160	-8734	-7899
13797	-3256	-8997	-10587
13827	-4838	-6035	-12436
13858	-5741	-1575	-13580
13889	-5484	3271	-13388
13920	-4278	7187	-11567
13952	-2535	9567	-9752
13982	-955	10497	-8695
14013	-16485	-2453	-4
14044	-1317	-1094	-1709
14075	-5174	-2812	-489
14107	-6470	-2820	-3276
14137	-4374	1457	-6631
14168	-293	-947	-721
14199	350	-255	433
14230	-266	-409	4965
14262	1782	1033	8908
14292	3000	4195	12751
14323	1704	6163	12116
14354	225	7054	11841
14385	-1303	6633	12058
14417	-2671	5053	12531
14447	-3663	2523	13313
14478	-3952	-575	13403
14509	-3632	-3562	12987
14540	-21184	8260	-5494
14572	1421	11208	-480
14602	-4067	-1302	1250
14633	-1232	376	-166
14664	-2652	2099	-973
14695	-956	1404	1649
14727	1034	3596	2128
14757	1306	-316	1
14788	955	-4823	-1413
14819	-1947	-9545	-1401
14850	-6651	-13853	-9075
14882	-9293	-7322	-14544
14912	-9917	2175	-15979
14943	-8188	10608	-12317
14974	-5910	14924	-6705
15005	-4688	16224	-1779
15037	-4909	15892	3014
15067	-32768	-7721	-4391
15098	-9219	8642	5302
15129	-589	719	-2906
15160	-1345	3462	-4678
15192	-4993	2694	-2687
15222	-2360	5231	991
15253	-593	2533	-1745
15284	1	952	229
15315	-1321	-3721	-1224
15347	857	-7801	-2141
15377	-5927	-12953	-5125
15408	-8503	-8734	-10734
15439	-9674	-1498	-13792
15470	-8972	6519	-12181
15502	-7295	11824	-7536
15532	-6143	13784	-2435
15563	-6195	13729	2673
15594	-23959	10527	8519
15625	-2733	4028	-6147
15657	-6286	3643	2243
15687	-2226	-92	-4433
15718	-5149	1009	-2298
15749	-3628	3741	516
15780	-377	1623	-552
15812	1115	-981	461
15842	2611	-5063	2315
15873	926	-9178	5063
15904	1138	-11658	6365
15935	2557	-10606	7621
15967	4189	-8602	9717
15997	5619	-5103	11948
16029	6344	-145	12956
16059	5812	4652	12058
16090	4470	8340	9940
16122	3078	10353	7728
16152	-30340	159	-10048
16183	-3504	4562	1209
16214	-3310	2092	-1808
16245	-1857	3459	-2916
16277	-2175	4744	-51
16307	223	1105	-226
16338	663	-1817	345
16369	2949	-6239	934
16400	919	-10515	3988
16432	-12982	-15240	-632
16462	-14624	-10150	-11576
16493	-15319	3505	-14869
16524	-13448	13886	-6754
16555	-13230	14462	5114
16587	-15326	4973	14236
16617	-15095	-8496	12273
16648	-32753	7685	3872
16679	-591	-4749	1814
16710	-5033	-372	-1246
16742	2893	-1512	-1518
16772	-2477	-1060	-3051
16803	-1713	-967	-2402
16834	-346	580	-1105
16865	-1743	-528	11
16897	-1495	-107	626
16927	-113	-108	948
16958	1039	919	743
16989	-332	2011	280
17020	-543	1156	1165
17052	1385	1872	522
17082	2165	2504	-2015
17113	-2633	1486	-1688
17144	-5452	-1422	-1567
17175	-9372	-2732	-1512
17207	-5241	-1929	-2695
17237	-2510	-980	298
17268	-3428	-542	92
17299	-2636	-311	915
17330	-3307	527	1156
17362	-1758	2202	301
17392	6394	647	4507
17423	4528	1153	3367
17454	2235	-292	1808
17485	58	647	2169
17517	-2264	-369	2116
17547	-5821	-1491	1602
17578	-5767	-1966	-1281
17609	-5916	-2869	174
17640	-5044	-1466	2
17672	-4871	-2970	-3188
17702	-1573	244	-685
17733	-1740	1527	-2176
17764	-2292	184	3759
17795	-4203	-976	1846
17827	-1124	-2529	450
17857	-1280	-3250	-289
17888	1915	-4210	-1789
17919	329	353	-2349
17950	-1401	6135	288
17982	952	949	-2076
18012	3455	1092	2252
18043	4802	-2886	4407
18074	4307	-2609	5476
18105	1187	-1473	3155
18137	706	-369	1962
18167	523	-951	1168
18198	529	-1486	1471
18229	442	-1150	81
18260	-1389	139	-371
18292	816	-512	-124
18322	315	336	78
18353	-241	1246	-990
18384	-126	727	-1666
18415	120	1187	-1829
18447	-412	324	-1253
18477	-348	23	-282
18508	-1353	-1532	-947
18539	455	-498	704
18570	1875	1693	3551
18602	-579	2118	863
18632	21	2325	1887
18663	-776	2121	1504
18694	-1709	2459	1050
18725	-1814	524	474
18757	-1122	1326	204
18787	-966	1327	-739
18818	-232	721	182
18849	-487	926	326
18880	-972	1232	-326
18912	-527	1065	639
18942	94	1181	584
18973	394	684	1291
19004	459	354	1816
19035	1336	-396	2451
19067	1722	-127	1603
19097	1009	-296	1860
19128	2864	-2454	1687
19159	7932	-2304	2155
19190	1706	249	-1775
19222	1669	214	-2657
19252	1911	-1074	-774
19283	4341	329	2841
19314	4029	-418	2199
19345	1454	-533	890
19377	985	-813	1174
19407	699	-449	664
19438	509	-362	550
19469	725	-184	757
19500	101	-378	405
19532	-26	-388	307
19562	-53	-276	223
19593	26	-325	228
19624	-181	-393	272
19655	-219	-595	179
19687	-74	-458	228
19717	-53	-318	204
19748	-94	-192	-141
19779	-199	-319	-33
19810	-23	-111	97
19842	-225	-450	-116
19872	245	-6	37
19903	-331	-301	-137
19934	124	-72	31
19965	-27	-101	-33
19997	16	-62	-15
20027	23	13	-5
20058	99	13	-130
20089	-135	18	9
20120	-25	26	-51
20152	-150	-12	-115
20182	-60	-70	27
20213	-72	-78	-75
20244	-200	-54	-43
20275	-180	-102	-115
20307	-98	9	-102
20337	-10	-12	-48
20368	-76	-135	-4
20399	-16	-42	40
20430	-38	35	-14
20462	-114	6	11
20492	-123	-38	-115
20523	23	-72	8
20554	-1	-30	27
20585	-26	-74	9
20617	-50	-58	-11
20647	-37	-48	1
20678	-74	-14	59
20709	-13	-47	78
20740	-12	-47	36
20772	-42	32	140
20802	-35	53	78
20833	-95	8	12
20864	-49	97	-75
20895	55	-78	80
20927	37	49	52
20957	77	-50	37
20988	-120	-42	9
21019	-71	59	-81
21050	-171	-47	-20
21082	-63	0	-83
21112	-123	-34	-71
21143	-34	12	-64
21174	-103	-49	-165
21205	-87	-5	-169
21237	-30	-35	-87
21267	-101	-20	-61
21298	45	-11	-24
21329	-78	-18	-1
21360	-46	10	-37
21392	-59	-48	34
21422	-75	21	23
21453	-27	-24	21
21484	-83	-8	30
21515	29	-20	46
21547	-70	26	-97
21577	-27	72	-27
21608	-89	8	-23
21639	-7	-12	131
21670	-49	-40	21
21702	-62	37	-131
21732	-55	12	-29
21763	-113	-54	-49
21794	-91	32	-15
21825	7	-5	-40
21857	-95	30	-70
22012	-304	-452	399
22042	-523	-760	663
22073	-507	-472	411
22104	-638	-570	433
22135	-851	-509	444
22167	-614	-187	361
22197	-379	95	125
22228	-112	-4	377
22259	-272	119	620
22290	-389	-238	512
22322	-1270	-602	944
22352	-640	-679	163
22383	-843	-85	110
22414	-626	-134	61
22445	-340	206	96
22477	-625	-127	368
22507	-827	-129	418
22538	-1169	-145	290
22569	-989	521	462
22600	-1220	-30	393
22632	-844	-309	466
22662	-1028	103	462
22693	-130	-125	22
22724	-492	-402	47
22755	-427	-288	-77
22787	-334	-216	-105
22817	36	-132	-216
22848	-123	-42	2
22879	-113	-141	-57
22910	-115	-75	-1
22942	93	-27	-71
22972	-60	-17	-11
23003	70	86	-95
23034	-43	42	-153
23065	-48	-12	91
23097	-28	-18	-26
23127	37	-49	65
23158	-38	-14	6
23189	-12	-11	-10
23220	191	-109	15
23252	37	-15	12
23282	13	25	-104
23313	-12	165	-106
23344	47	90	-11
23375	-5	40	-137
23407	-44	-11	-77
23437	-2	-7	-41
23468	-6	-39	72
23499	-46	0	39
23530	-13	-31	-20
23562	-15	-111	36
23592	-75	-61	-48
23623	-105	-65	31
23654	48	30	-109
23685	-41	25	56
23717	-41	80	112
23747	52	116	-24
23778	-61	-51	24
23809	-97	23	-55
23840	-60	34	-52
23872	-83	29	66
23902	-56	95	-67
23933	-41	-41	-54
23964	-112	-4	34
23995	18	-22	-67
24027	-85	52	-89
24057	8	-31	5
24088	-67	-10	-71
24119	-43	-12	81
24150	-37	-13	5
24182	-27	-20	-70
24212	-96	12	27
24243	-30	70	2
24274	-24	9	-76
24305	-56	-47	37
24337	18	-32	90
24367	7	-5	-8
24398	1	-61	74
24429	-57	-28	-19
24460	5	70	-64
24492	-3	-10	19
24522	86	60	-128
24553	59	167	-231
24584	40	63	-77
24615	-6	3	-42
24647	-53	36	-127
24677	2	50	-38
24708	-76	-42	-35
24739	9	60	-32
24770	-79	5	-98
24802	8	42	28
24832	-46	35	-123
24863	-64	49	41
24894	48	39	-190
24925	-31	-21	65
24957	-37	29	87
24987	30	22	56
25018	5	-20	-19
25049	-28	16	-41
25080	8	69	-16
25112	-13	-22	49
25142	-25	28	-46
25173	-47	42	-58
25204	-37	20	65
25235	-32	30	-114
25267	-71	-4	-85
25297	-105	-82	39
25328	-41	-37	-19
25359	-54	-55	-41
25390	-54	36	-4
25422	-58	8	-76
25452	-35	8	-46
25483	-81	-39	15
25514	-97	-39	-5
25545	-55	-47	49
25577	-80	-8	46
25607	-19	-2	-73
25638	-42	15	71
25669	23	43	-67
25700	-53	3	-19
25732	-71	30	-13
25762	-56	10	36
25793	-48	-21	-61
25824	1	48	-7
25855	-16	3	12
25887	-73	-59	14
25917	-89	-128	122
25948	-63	-61	-58
25979	-48	-64	43
26010	-67	-8	-68
26042	-42	0	-23
26072	-26	43	-150
26103	-18	18	160
26134	82	30	-106
26165	11	-12	27
26197	-5	6	72
26227	-19	15	-24
26258	-61	3	-24
26289	28	127	-13
26320	-54	25	-29
26352	21	30	17
26382	36	-5	82
26413	27	25	-30
26444	43	-39	132
26475	28	-35	-71
26507	-28	58	-19
26537	-46	42	2
26568	-64	-2	44
26599	-64	48	-24
26630	-86	9	-44
26662	-26	70	-16
26692	29	73	-145
26723	-57	-10	62
26754	-54	20	-121
26785	33	-18	-63
26817	-12	-2	162
26847	-68	6	-17
