2	-290	787	468
32	-97	1188	491
63	-861	1318	588
101	-245	1056	559
125	-1654	500	796
157	-1868	407	590
188	-641	1223	-264
218	-1178	1550	-420
249	-1180	1529	660
280	-1601	1249	710
312	-192	908	1507
342	1038	2256	2286
373	2517	2787	2378
404	-1251	1422	1259
435	1087	1553	2031
467	706	1459	1956
497	833	1222	-15
528	880	390	-3530
559	1922	-1489	-6850
590	-4817	-5442	-12010
622	-8355	882	-13501
652	-7397	7092	-11558
683	-5747	11156	-7707
714	-4343	13008	-4064
745	-3741	13506	-688
776	-3965	13231	2344
807	-4892	12111	5664
838	1359	-2231	-1663
869	-2966	-1570	-890
900	-2236	-2562	-1225
932	-6386	38	-421
962	-1750	-230	-2334
993	243	-1814	-2629
1024	-1143	250	-1718
1055	2315	32	2320
1087	888	2256	6965
1117	-1026	4442	14248
1148	-2253	2927	15305
1179	-2808	586	15455
1210	-2589	-1915	15297
1242	-1672	-3832	14840
1272	-475	-4592	14708
1303	713	-4384	14648
1334	-27975	-1094	-9472
1365	-22141	1195	8667
1397	-64	-143	-2274
1427	1792	110	64
1458	-1963	-71	133
1489	-1589	140	1372
1520	8255	2158	2784
1552	-1147	3162	4738
1582	-2542	1877	1722
1613	-1783	409	-1105
1644	1071	-2413	-3204
1675	1604	-6614	-6770
1707	-4075	-8541	-9487
1737	-5591	-5166	-11881
1768	-6239	-405	-12991
1799	-5733	4539	-12178
1830	-4375	8123	-10255
1862	-2728	10178	-7965
1892	-1293	11042	-6749
1923	-223	11248	-6181
1954	-25476	-10309	2164
1985	-6486	2134	-2346
2017	-2202	-1935	1969
2047	95	2019	2037
2078	-220	370	3084
2109	-3564	13	806
2140	995	-707	-2639
2172	2787	-1703	-2069
2202	1402	-290	-4920
2233	466	-1341	-6245
2264	-835	-1035	39
2295	1750	1162	2917
2327	1742	4321	9046
2357	205	6872	11407
2388	-1625	6452	11996
2419	-2875	4699	12631
2450	-3626	2108	13369
2482	-3718	-995	13413
2512	-3074	-3655	12875
2543	-2011	-5594	12238
2574	-25264	-5207	5002
2605	-6075	1770	-1861
2637	1028	2195	1142
2667	-4017	3627	-1596
2698	-12937	2900	1858
2729	-1211	3272	2522
2760	-2416	1225	1810
2792	-1590	2166	3439
2822	437	-1841	-566
2853	1129	-884	-3764
2884	-693	-3536	-8434
2915	-2	-5930	-13038
2947	-720	-6260	-13836
2977	-2054	-5063	-14223
3008	-3003	-2529	-14881
3039	-3190	430	-14859
3070	-2557	3182	-14696
3102	-1403	5054	-13886
3132	-8704	-1339	7457
3163	-2392	-2834	-2528
3194	-1446	51	-269
3225	-1582	-133	1211
3257	-2101	-1600	563
3287	-4558	-3465	-692
3318	3166	-3519	1841
3349	1023	-3247	4192
3380	873	-1166	1893
3412	4323	-743	17
3442	14898	-667	-2964
3473	7073	-2165	-3326
3504	-3423	-500	-610
3535	-366	1884	3219
3567	502	2112	3442
3597	-1210	-437	-789
3628	-718	-2334	-5016
3659	1540	-5671	-9512
3690	-1251	-7528	-12637
3722	-2870	-5762	-13420
3752	-3844	-2759	-14282
3783	-4038	951	-14487
3814	-3234	4247	-13921
3845	-1771	6365	-12845
3877	-191	7241	-12449
3907	-4447	-4312	4997
3938	-2396	-1539	-3335
3969	-2323	-1820	2542
4000	-11003	430	587
4032	-4128	-2502	-2366
4062	-7223	-347	-2150
4093	-2397	-363	-4760
4124	-584	-599	-3556
4155	1025	-1044	-448
4187	319	818	3084
4217	-322	999	7646
4248	1959	2830	11416
4279	1089	4874	13568
4310	-203	5338	13397
4342	-1443	4803	13548
4372	-2392	3241	13871
4403	-2821	984	14076
4434	-2762	-1445	14196
4465	-2189	-3414	13586
4497	-8763	11824	-2709
4527	-3354	-573	4398
4558	1153	1985	-2974
4589	-7246	1700	78
4620	-4428	764	1486
4652	-5226	1417	-500
4682	-3272	-576	4252
4713	-1333	787	2317
4744	-806	-823	-1549
4775	559	-1072	-5739
4807	-1791	-4290	-8616
4837	-4114	-3368	-13110
4868	-3720	-178	-14510
4899	-3228	3137	-14305
4930	-2020	5545	-13596
4962	-404	6631	-12913
4992	1167	6312	-13161
5023	7756	4997	-16844
5054	-6094	1885	3062
5085	-4120	812	1108
5116	1113	-530	2090
5147	7959	-533	3018
5178	2205	4960	5421
5209	567	1443	-663
5240	345	-406	-516
5272	602	-2304	-1766
5302	-221	-4351	-4772
5333	-1647	-6988	-8497
5364	-3964	-7624	-13272
5395	-5231	-3586	-14991
5427	-5337	1773	-15235
5457	-4160	6159	-13996
5488	-2184	8944	-12490
5519	-166	9885	-11780
5550	-6270	2662	-941
5582	-10	-2346	2507
5612	-5381	-650	-576
5643	-5321	-3392	-363
5674	-4391	-3478	-3074
5705	-1622	-1741	-2828
5737	-2902	-2015	-3815
5767	777	166	382
5798	-844	1937	2547
5829	-46	5790	5621
5860	425	10532	7246
5892	-671	11492	8211
5922	-2472	10680	9226
5953	-4308	8534	11071
5984	-5807	4682	13073
6015	-6252	-466	13713
6047	-5718	-5685	12773
6077	-21504	-10499	342
6108	14397	6997	3417
6139	-4180	129	-516
6170	-3276	2189	263
6202	-6156	1964	718
6232	-3775	1455	2069
6263	555	2739	2637
6294	-1127	1550	-219
6325	-292	1837	663
6357	-1237	-805	-2519
6387	1275	-2098	-5887
6418	-1954	-5714	-8699
6449	-5926	-3435	-11533
6480	-6192	1181	-11955
6512	-5426	5497	-10659
6542	-4179	8438	-8703
6573	-2867	10128	-6669
6604	-1726	10877	-5248
6635	-766	11189	-4291
6667	-13723	1108	1051
6697	1594	-1057	1655
6728	-6786	1924	-660
6759	-2806	-3404	-2156
6790	-3312	-357	-3166
6822	-1367	-858	-2008
6852	-1844	-741	-1782
6883	943	-185	1529
6914	177	2094	4696
6945	348	6410	7366
6976	-4124	6999	10899
7007	-4612	4040	12508
7038	-5129	143	13029
7069	-4635	-3803	12468
7100	-3418	-6679	11246
7132	-1843	-8289	10070
7162	-405	-8747	9569
7193	-18182	-6286	4764
7224	7548	4449	2097
7255	-6113	-2522	568
7287	904	2662	1016
7317	-4649	-39	1552
7348	-854	1091	1127
7379	-1123	1517	2642
7410	-331	636	1707
7442	-586	-350	-2028
7472	913	-1459	-5478
7503	567	-6045	-9549
7534	1183	-6926	-11535
7565	-367	-7175	-11390
7597	-1833	-6361	-11781
7627	-3053	-4475	-12620
7658	-3803	-1614	-13206
7689	-3719	1616	-13154
7720	-2986	4332	-12527
7752	-27664	-2028	-74
7782	3450	-4472	-338
7813	-5236	-148	973
7844	-3283	-3097	-1964
7875	-6481	356	-3449
7907	-3659	-1482	-2676
7937	770	-848	-1212
7968	-318	-139	365
7999	-47	342	2545
8030	874	1099	5988
8062	-1208	4104	11762
8092	572	4202	13978
8123	-484	4402	13934
8154	-1467	3588	13978
8185	-2106	2042	14383
8217	-2320	42	14558
8247	-2105	-1729	14295
8278	-1476	-3212	14030
8309	-1817	4513	-2201
8340	-2011	-159	1231
8372	-3676	2024	-2254
8402	-10575	1082	811
8433	-2216	1373	3910
8464	-4565	-263	1846
8495	-2290	554	4306
8527	2417	1218	77
8557	-279	169	-2415
8588	-1549	-945	-6591
8619	-23	-3941	-12037
8650	-2603	-3034	-13751
8682	-2986	-417	-14034
8712	-2628	2065	-13866
8743	-1757	4071	-13381
8774	-574	5033	-12880
8805	719	4993	-13012
8837	1838	3836	-13239
8867	-4233	-353	10923
8898	-3030	-2032	1486
8929	-7743	-1221	-2563
8960	-205	-3024	2057
8992	10188	-1938	2796
9022	-3185	-423	1808
9053	455	-125	1735
9084	973	-681	3317
9115	-3031	-713	-149
9147	938	-245	-182
9177	1509	372	-2349
9208	2708	1102	-5063
9239	-214	1811	-9736
9270	-686	2059	-12950
9302	-2209	3740	-15426
9332	-864	5245	-14955
9363	739	5291	-14725
9394	2166	3996	-15213
9425	3023	1480	-15515
9457	3108	-1612	-15606
9487	1308	6905	6623
9518	-13017	-10129	9251
9549	-1173	3786	-565
9580	600	507	-215
9612	-650	1586	-2591
9642	1766	633	-2274
9673	-366	18	-2575
9704	-2760	-891	-3661
9735	898	-1624	-2227
9767	774	-502	-497
9797	677	-1412	238
9828	-1097	489	-934
9859	-1781	-804	58
9890	-916	-934	84
9922	-972	-810	-554
9952	-61	-316	-182
9983	-165	-325	-431
10014	-126	-1312	1077
10045	2243	1486	402
10077	1278	-362	1007
10107	590	1476	912
10138	-857	-49	-103
10169	-487	276	-67
10200	-188	467	-223
10232	447	92	232
10262	976	-111	390
10293	-377	-296	-266
10324	-1124	1276	332
10355	379	2783	557
10387	-1296	3118	-834
10417	2662	3128	885
10448	5166	2352	1650
10479	1	550	23
10510	2494	-526	-396
10542	2971	466	1278
10572	3352	202	-187
10603	1223	-546	5
10634	1165	-506	352
10665	-207	-235	308
10697	81	-783	-48
10727	-122	-850	-308
10758	-107	-607	-248
10789	-717	-1057	-525
10820	106	-733	346
10852	-345	-633	93
10882	-369	-637	106
10913	-516	-563	83
10944	-542	-580	-37
10975	-394	-410	92
11007	-518	-530	-33
11037	-242	-382	30
11068	-164	-299	-2
11099	-108	-95	-49
11130	-136	-126	-11
11162	-113	-141	-17
11192	-87	-183	-17
11223	115	-102	81
11254	36	-89	-32
11285	-25	86	-59
11317	50	-165	138
11347	47	-29	39
11378	105	-36	-190
11409	82	-42	-55
11440	63	9	-21
11472	73	-32	92
11502	67	11	-59
11533	133	79	-54
11564	-25	51	37
11595	83	-26	26
11627	98	95	-86
11657	86	53	84
11688	24	29	-7
11719	-26	39	21
11750	3	16	-56
11782	-55	-11	-83
11812	40	-6	106
11843	21	-25	24
11874	16	-52	89
11905	36	12	14
11937	39	-49	-12
11967	48	-12	-30
11998	-70	-51	-17
12029	-12	-8	90
12060	-21	-26	-55
12092	-25	-2	-12
12122	-40	-25	-108
12153	-51	33	77
12184	20	1	-111
12215	-45	21	-20
12247	-9	1	8
12277	-46	16	-15
12308	-59	26	-12
12339	-46	51	-116
12370	-49	-9	15
12402	-38	62	81
12432	-6	-21	-39
12463	-26	-6	-15
12494	-37	8	-11
12525	-44	1	58
12557	-54	93	81
12587	-30	-1	97
12618	-25	-32	83
12649	-15	35	-17
12680	-81	3	37
12712	-42	12	33
12742	-48	8	70
12773	-78	-19	-74
12804	-4	11	68
12835	-26	-11	72
12867	-12	-31	11
12897	-50	13	-39
12928	-45	-38	-111
12959	-53	9	67
12990	-13	15	-77
13362	-517	8775	10449
13393	-2179	7825	11295
13424	-3732	5653	12237
13455	-4751	2280	13350
13487	-4887	-1834	13342
13517	-26358	3751	-10102
13548	1439	5023	510
13579	-5708	-3176	1600
13610	-2942	4206	606
13642	-1183	3693	950
13672	-1140	116	688
13703	-39	-1402	-676
13734	-406	-4258	-5160
13765	-1160	-8734	-7899
13797	-3256	-8997	-10587
13827	-4838	-6035	-12436
13858	-5741	-1575	-13580
13889	-5484	3271	-13388
13920	-4278	7187	-11567
13952	-2535	9567	-9752
13982	-955	10497	-8695
14013	-16485	-2453	-4
14044	-1317	-1094	-1709
14075	-5174	-2812	-489
14107	-6470	-2820	-3276
14137	-4374	1457	-6631
14168	-293	-947	-721
14199	350	-255	433
14230	-266	-409	4965
14262	1782	1033	8908
14292	3000	4195	12751
14323	1704	6163	12116
14354	225	7054	11841
14385	-1303	6633	12058
14417	-2671	5053	12531
14447	-3663	2523	13313
14478	-3952	-575	13403
14509	-3632	-3562	12987
14540	-21184	8260	-5494
14572	1421	11208	-480
14602	-4067	-1302	1250
14633	-1232	376	-166
14664	-2652	2099	-973
14695	-956	1404	1649
14727	1034	3596	2128
14757	1306	-316	1
14788	955	-4823	-1413
14819	-1947	-9545	-1401
14850	-6651	-13853	-9075
14882	-9293	-7322	-14544
14912	-9917	2175	-15979
14943	-8188	10608	-12317
14974	-5910	14924	-6705
15005	-4688	16224	-1779
15037	-4909	15892	3014
15067	-32768	-7721	-4391
15098	-9219	8642	5302
15129	-589	719	-2906
15160	-1345	3462	-4678
15192	-4993	2694	-2687
15222	-2360	5231	991
15253	-593	2533	-1745
15284	1	952	229
15315	-1321	-3721	-1224
15347	857	-7801	-2141
15377	-5927	-12953	-5125
15408	-8503	-8734	-10734
15439	-9674	-1498	-13792
15470	-8972	6519	-12181
15502	-7295	11824	-7536
15532	-6143	13784	-2435
15563	-6195	13729	2673
15594	-23959	10527	8519
15625	-2733	4028	-6147
15657	-6286	3643	2243
15687	-2226	-92	-4433
15718	-5149	1009	-2298
15749	-3628	3741	516
15780	-377	1623	-552
15812	1115	-981	461
15842	2611	-5063	2315
15873	926	-9178	5063
15904	1138	-11658	6365
15935	2557	-10606	7621
15967	4189	-8602	9717
15997	5619	-5103	11948
16029	6344	-145	12956
16059	5812	4652	12058
16090	4470	8340	9940
16122	3078	10353	7728
16152	-30340	159	-10048
16183	-3504	4562	1209
16214	-3310	2092	-1808
16245	-1857	3459	-2916
16277	-2175	4744	-51
16307	223	1105	-226
16338	663	-1817	345
16369	2949	-6239	934
16400	919	-10515	3988
16432	-12982	-15240	-632
16462	-14624	-10150	-11576
16493	-15319	3505	-14869
16524	-13448	13886	-6754
16555	-13230	14462	5114
16587	-15326	4973	14236
16617	-15095	-8496	12273
16648	-32753	7685	3872
16679	-591	-4749	1814
16710	-5033	-372	-1246
16742	2893	-1512	-1518
16772	-2477	-1060	-3051
16803	-1713	-967	-2402
16834	-346	580	-1105
16865	-1743	-528	11
16897	-1495	-107	626
16927	-113	-108	948
16958	1039	919	743
16989	-332	2011	280
17020	-543	1156	1165
17052	1385	1872	522
17082	2165	2504	-2015
17113	-2633	1486	-1688
17144	-5452	-1422	-1567
17175	-9372	-2732	-1512
17207	-5241	-1929	-2695
17237	-2510	-980	298
17268	-3428	-542	92
17299	-2636	-311	915
17330	-3307	527	1156
17362	-1758	2202	301
17392	6394	647	4507
17423	4528	1153	3367
17454	2235	-292	1808
17485	58	647	2169
17517	-2264	-369	2116
17547	-5821	-1491	1602
17578	-5767	-1966	-1281
17609	-5916	-2869	174
17640	-5044	-1466	2
17672	-4871	-2970	-3188
17702	-1573	244	-685
17733	-1740	1527	-2176
17764	-2292	184	3759
17795	-4203	-976	1846
17827	-1124	-2529	450
17857	-1280	-3250	-289
17888	1915	-4210	-1789
17919	329	353	-2349
17950	-1401	6135	288
17982	952	949	-2076
18012	3455	1092	2252
18043	4802	-2886	4407
18074	4307	-2609	5476
18105	1187	-1473	3155
18137	706	-369	1962
18167	523	-951	1168
18198	529	-1486	1471
18229	442	-1150	81
18260	-1389	139	-371
18292	816	-512	-124
18322	315	336	78
18353	-241	1246	-990
18384	-126	727	-1666
18415	120	1187	-1829
18447	-412	324	-1253
18477	-348	23	-282
18508	-1353	-1532	-947
18539	455	-498	704
18570	1875	1693	3551
18602	-579	2118	863
18632	21	2325	1887
18663	-776	2121	1504
18694	-1709	2459	1050
18725	-1814	524	474
18757	-1122	1326	204
18787	-966	1327	-739
18818	-232	721	182
18849	-487	926	326
18880	-972	1232	-326
18912	-527	1065	639
18942	94	1181	584
18973	394	684	1291
19004	459	354	1816
19035	1336	-396	2451
19067	1722	-127	1603
19097	1009	-296	1860
19128	2864	-2454	1687
19159	7932	-2304	2155
19190	1706	249	-1775
19222	1669	214	-2657
19252	1911	-1074	-774
19283	4341	329	2841
19314	4029	-418	2199
19345	1454	-533	890
19377	985	-813	1174
19407	699	-449	664
19438	509	-362	550
19469	725	-184	757
19500	101	-378	405
19532	-26	-388	307
19562	-53	-276	223
19593	26	-325	228
19624	-181	-393	272
19655	-219	-595	179
19687	-74	-458	228
19717	-53	-318	204
19748	-94	-192	-141
19779	-199	-319	-33
19810	-23	-111	97
19842	-225	-450	-116
19872	245	-6	37
19903	-331	-301	-137
19934	124	-72	31
19965	-27	-101	-33
19997	16	-62	-15
20027	23	13	-5
20058	99	13	-130
20089	-135	18	9
20120	-25	26	-51
20152	-150	-12	-115
20182	-60	-70	27
20213	-72	-78	-75
20244	-200	-54	-43
20275	-180	-102	-115
20307	-98	9	-102
20337	-10	-12	-48
20368	-76	-135	-4
20399	-16	-42	40
20430	-38	35	-14
20462	-114	6	11
20492	-123	-38	-115
20523	23	-72	8
20554	-1	-30	27
20585	-26	-74	9
20617	-50	-58	-11
20647	-37	-48	1
20678	-74	-14	59
20709	-13	-47	78
20740	-12	-47	36
20772	-42	32	140
20802	-35	53	78
20833	-95	8	12
20864	-49	97	-75
20895	55	-78	80
20927	37	49	52
20957	77	-50	37
20988	-120	-42	9
21019	-71	59	-81
21050	-171	-47	-20
21082	-63	0	-83
21112	-123	-34	-71
21143	-34	12	-64
21174	-103	-49	-165
21205	-87	-5	-169
21237	-30	-35	-87
21267	-101	-20	-61
21298	45	-11	-24
21329	-78	-18	-1
21360	-46	10	-37
21392	-59	-48	34
21422	-75	21	23
21453	-27	-24	21
21484	-83	-8	30
21515	29	-20	46
21547	-70	26	-97
21577	-27	72	-27
21608	-89	8	-23
21639	-7	-12	131
21670	-49	-40	21
21702	-62	37	-131
21732	-55	12	-29
21763	-113	-54	-49
21794	-91	32	-15
21825	7	-5	-40
21857	-95	30	-70
22012	-304	-452	399
22042	-523	-760	663
22073	-507	-472	411
22104	-638	-570	433
22135	-851	-509	444
22167	-614	-187	361
22197	-379	95	125
22228	-112	-4	377
22259	-272	119	620
22290	-389	-238	512
22322	-1270	-602	944
22352	-640	-679	163
22383	-843	-85	110
22414	-626	-134	61
22445	-340	206	96
22477	-625	-127	368
22507	-827	-129	418
22538	-1169	-145	290
22569	-989	521	462
22600	-1220	-30	393
22632	-844	-309	466
22662	-1028	103	462
22693	-130	-125	22
22724	-492	-402	47
22755	-427	-288	-77
22787	-334	-216	-105
22817	36	-132	-216
22848	-123	-42	2
22879	-113	-141	-57
22910	-115	-75	-1
22942	93	-27	-71
22972	-60	-17	-11
23003	70	86	-95
23034	-43	42	-153
23065	-48	-12	91
23097	-28	-18	-26
23127	37	-49	65
23158	-38	-14	6
23189	-12	-11	-10
23220	191	-109	15
23252	37	-15	12
23282	13	25	-104
23313	-12	165	-106
23344	47	90	-11
23375	-5	40	-137
23407	-44	-11	-77
23437	-2	-7	-41
23468	-6	-39	72
23499	-46	0	39
23530	-13	-31	-20
23562	-15	-111	36
23592	-75	-61	-48
23623	-105	-65	31
23654	48	30	-109
23685	-41	25	56
23717	-41	80	112
23747	52	116	-24
23778	-61	-51	24
23809	-97	23	-55
23840	-60	34	-52
23872	-83	29	66
23902	-56	95	-67
23933	-41	-41	-54
23964	-112	-4	34
23995	18	-22	-67
24027	-85	52	-89
24057	8	-31	5
24088	-67	-10	-71
24119	-43	-12	81
24150	-37	-13	5
24182	-27	-20	-70
24212	-96	12	27
24243	-30	70	2
24274	-24	9	-76
24305	-56	-47	37
24337	18	-32	90
24367	7	-5	-8
24398	1	-61	74
24429	-57	-28	-19
24460	5	70	-64
24492	-3	-10	19
24522	86	60	-128
24553	59	167	-231
24584	40	63	-77
24615	-6	3	-42
24647	-53	36	-127
24677	2	50	-38
24708	-76	-42	-35
24739	9	60	-32
24770	-79	5	-98
24802	8	42	28
24832	-46	35	-123
24863	-64	49	41
24894	48	39	-190
24925	-31	-21	65
24957	-37	29	87
24987	30	22	56
25018	5	-20	-19
25049	-28	16	-41
25080	8	69	-16
25112	-13	-22	49
25142	-25	28	-46
25173	-47	42	-58
25204	-37	20	65
25235	-32	30	-114
25267	-71	-4	-85
25297	-105	-82	39
25328	-41	-37	-19
25359	-54	-55	-41
25390	-54	36	-4
25422	-58	8	-76
25452	-35	8	-46
25483	-81	-39	15
25514	-97	-39	-5
25545	-55	-47	49
25577	-80	-8	46
25607	-19	-2	-73
25638	-42	15	71
25669	23	43	-67
25700	-53	3	-19
25732	-71	30	-13
25762	-56	10	36
25793	-48	-21	-61
25824	1	48	-7
25855	-16	3	12
25887	-73	-59	14
25917	-89	-128	122
25948	-63	-61	-58
25979	-48	-64	43
26010	-67	-8	-68
26042	-42	0	-23
26072	-26	43	-150
26103	-18	18	160
26134	82	30	-106
26165	11	-12	27
26197	-5	6	72
26227	-19	15	-24
26258	-61	3	-24
26289	28	127	-13
26320	-54	25	-29
26352	21	30	17
26382	36	-5	82
26413	27	25	-30
26444	43	-39	132
26475	28	-35	-71
26507	-28	58	-19
26537	-46	42	2
26568	-64	-2	44
26599	-64	48	-24
26630	-86	9	-44
26662	-26	70	-16
26692	29	73	-145
26723	-57	-10	62
26754	-54	20	-121
26785	33	-18	-63
26817	-12	-2	162
26847	-68	6	-17
