2	-1759	9561	-9678
32	-292	10032	-9137
63	-10380	-6157	3298
106	-3754	-355	-1518
125	-3944	-3249	-606
157	-10709	-1833	-688
187	-1869	-2238	-4307
218	561	195	-2399
249	1085	-1589	-658
280	-253	-1650	-263
312	130	-1095	1052
342	-454	975	4479
373	1511	4735	10369
404	91	6172	11298
435	-1229	5709	11550
467	-2266	4422	11845
497	-2967	2533	12469
528	-3175	138	12647
559	-2877	-2164	12480
590	-2136	-3943	11971
622	-25904	-4866	4139
652	-2718	1537	638
683	-5266	2242	282
714	-2526	1015	2049
745	-6341	621	5214
777	665	2034	2030
807	-399	185	1249
838	180	22	-1597
869	504	-1313	-4608
900	141	-4920	-10975
932	241	-7133	-12663
962	-1385	-6621	-12908
993	-2658	-4872	-13599
1024	-3393	-2196	-14050
1055	-3439	988	-14267
1087	-2676	3843	-13747
1117	-1626	5626	-13157
1148	-14611	-1293	7656
1179	-4541	-8296	-2355
1210	-2326	-492	1205
1242	-2467	-2165	909
1272	-10451	42	-1316
1303	-1089	-3191	-3896
1334	-3930	504	-2803
1365	-994	-1376	-1991
1397	716	-493	-556
1427	932	248	2596
1458	64	1978	5832
1489	9	3913	9571
1520	-2490	4538	11876
1552	-3350	2365	12399
1582	-3506	-195	12491
1613	-3058	-2696	12242
1644	-2149	-4552	11580
1675	-1007	-5567	11243
1707	101	-5745	11060
1737	877	-5608	10994
1768	6673	4298	-335
1799	-2256	1269	-1945
1830	-2850	2530	-1691
1862	-4989	3717	672
1892	81	2121	2375
1923	-2814	-309	1432
1954	67	2275	1797
1985	921	-934	-1174
2017	-1106	-4291	-2241
2047	-907	-11659	-5614
2078	-5158	-12275	-7196
2109	-7326	-8220	-11195
2140	-8379	-1799	-13611
2172	-7866	5334	-12680
2202	-6267	10256	-9339
2233	-4671	12729	-5613
2264	-3959	13588	-1931
2295	-13620	-2127	1249
2327	-1353	-1582	-1940
2357	-3186	-2691	-1280
2388	-3807	-1507	-3371
2419	-2090	-1487	-7108
2450	420	-2313	-2692
2482	550	-1168	-770
2512	461	502	1682
2543	37	1440	6257
2574	2280	4057	8986
2605	-1311	5624	12027
2637	-2372	4182	12710
2667	-2994	2129	13025
2698	-3133	-320	13218
2729	-2622	-2640	13028
2760	-1808	-4295	12549
2792	-737	-5091	12163
2822	222	-5060	11979
2853	1638	5671	994
2884	-3634	2261	260
2915	-1668	3432	-1110
2947	-4788	3789	1004
2977	175	2970	1016
3008	1198	2232	2018
3039	312	-356	-922
3070	-335	-3727	-2243
3102	1102	-6445	-2025
3132	-2803	-12846	-3452
3163	-7428	-10717	-7855
3194	-8958	-5505	-11948
3225	-9216	1884	-12846
3257	-7916	8472	-10095
3287	-6487	11991	-5485
3318	-5825	13207	-888
3349	-6252	12622	3789
3380	-26154	-11057	-5440
3412	-5065	2246	-1079
3442	-3392	3596	-634
3473	2108	490	-2122
3504	-974	-1560	-2519
3535	-399	-1559	-2775
3567	1124	-2465	-5381
3597	13	-863	-1606
3628	1878	-1362	-2003
3659	779	-834	1325
3690	3409	-392	5098
3722	-130	38	11491
3752	1207	674	15743
3783	951	1888	15452
3814	441	2710	15270
3845	-218	2898	15194
3877	-867	2455	15283
3907	-1288	1506	15292
3938	-1430	249	15338
3969	-19230	-1182	-6802
4000	-2366	8447	1316
4032	-3211	-563	-3259
4062	-1378	1971	-4564
4093	-5657	-2028	-2211
4124	-3017	2745	-2359
4155	-4032	833	-1411
4187	-4799	6661	-2674
4217	-7593	3588	2044
4248	-205	3899	872
4279	486	1091	1795
4310	-371	1001	-2500
4342	1706	517	-5494
4372	771	-2607	-11428
4403	-579	-3250	-12962
4434	-1182	-2479	-13095
4465	-1492	-1302	-13133
4497	-1530	-18	-13203
4527	-1280	1162	-13129
4558	-822	2101	-12962
4589	-160	2592	-12874
4620	-11292	1309	10025
4652	-2824	-92	2218
4682	-3733	-986	-1041
4713	-713	-463	2538
4744	-1128	-1176	2781
4775	1612	-2111	1681
4807	5493	-1854	2780
4837	4443	-747	-1244
4868	11436	1138	-956
4899	9837	286	-2156
4930	-2066	398	865
4962	-2352	2914	1385
4992	2604	-990	-751
5023	994	-984	-3007
5054	669	-4347	-7365
5085	-3756	-7130	-9490
5117	-5418	-6025	-14744
5147	-6121	-476	-15830
5178	-5249	5301	-14974
5209	-3357	9116	-12929
5240	-1053	10843	-11516
5272	1156	10779	-11343
5302	-7621	6367	-2862
5333	1980	-8379	-554
5364	-5754	610	272
5395	-2280	-3346	1394
5427	-5271	-855	1275
5457	-5436	-3181	-1800
5488	401	-4147	-1866
5519	764	-3442	-3130
5550	458	-915	676
5582	-281	2176	3940
5612	2191	5812	8769
5643	-2223	9103	11782
5674	-4099	6581	13071
5705	-5161	2590	14469
5737	-5125	-2229	14450
5767	-3974	-6024	13288
5798	-2315	-8300	11941
5829	-523	-9091	11306
5860	-12016	4553	-5490
5892	-103	9693	-3894
5922	-4774	-1877	-366
5953	-3293	2858	-3199
5984	-6471	1121	-399
6015	-1586	3004	660
6047	-152	2453	1835
6077	-3334	1669	1340
6108	-82	2171	-528
6139	1412	1851	-1190
6170	1657	432	-2261
6202	1044	-783	-5336
6232	2088	-3556	-8928
6263	-1628	-6498	-11022
6294	-2592	-5261	-11598
6325	-3489	-2895	-12490
6357	-3719	166	-12817
6387	-3298	2881	-12456
6418	-2340	5096	-11739
6449	-1122	6318	-11056
6480	141	6632	-10841
6512	-7196	-4575	4605
6542	-2191	-1159	-1485
6573	-3411	-1574	1611
6604	-3312	-2057	2850
6635	-6299	-2242	276
6667	-3154	-2065	-54
6697	-2953	-1731	-1047
6728	465	-1781	-1228
6759	1213	-1603	-909
6790	2887	-310	1028
6822	622	521	5154
6852	607	3689	8800
6883	-2637	4812	12515
6914	-3462	2336	13035
6945	-3592	-593	13224
6977	-3033	-3231	12761
7007	-2001	-5069	12163
7038	-711	-5938	11700
7069	535	-5892	11718
7100	1610	-4820	12124
7132	-9113	9462	-5510
7162	-1891	3114	1033
7193	-2523	500	-2747
7224	-4105	1764	-1813
7255	-1979	2473	467
7287	-9575	1477	3897
7317	1677	455	-87
7348	-51	628	-181
7379	2267	-195	-2318
7410	2394	-3393	-4580
7442	2453	-9988	-6541
7472	1893	-10960	-4693
7503	1001	-11382	-3726
7534	305	-11492	-3086
7565	-379	-11485	-2999
7597	-1063	-11251	-3443
7627	-1930	-10880	-4398
7658	-2928	-10059	-5923
7689	-3866	-8507	-7669
7720	6703	3667	-1331
7752	-2512	2184	153
7782	-815	1534	2008
7813	-3571	2	2919
7844	859	2614	1495
7875	-790	1544	1489
7907	-126	2207	2747
7937	-95	1467	319
7968	955	-226	-1381
7999	212	-1883	-4830
8030	1801	-5833	-7095
8062	-4344	-9339	-9934
8092	-4974	-6280	-12984
8123	-5815	-1577	-14117
8154	-5421	3523	-13890
8185	-3979	7543	-12203
8217	-2089	9780	-10454
8247	-403	10499	-9697
8278	3952	9116	-8885
8309	906	-5652	569
8340	-4597	-1075	-645
8372	-1987	-3670	1914
8402	-9325	-203	83
8433	-18	-2529	-1880
8464	-6095	-182	-2620
8495	1284	-1761	-4042
8527	77	-1190	-638
8557	-412	840	1700
8588	186	1449	5838
8619	1906	3659	9058
8650	3042	8126	11397
8682	1371	9951	10121
8712	-428	10153	9846
8743	-2194	9412	10392
8774	-3807	7264	11995
8805	-5081	3638	13328
8837	-5385	-814	13802
8867	-4821	-4923	12787
8898	6825	4762	-2497
8929	-3458	1356	967
8960	-3358	2596	-1970
8992	-7028	3248	-717
9022	-2066	1905	1851
9053	-2856	2413	370
9084	-303	320	3634
9115	52	1827	1271
9147	-724	414	-924
9177	-849	-1811	-2917
9208	2055	-5238	-8207
9239	-2455	-5835	-10250
9270	-3311	-5027	-11768
9302	-3976	-2120	-12440
9332	-4057	1109	-12700
9363	-3332	4041	-11989
9394	-2149	6092	-11138
9425	-780	7205	-10502
9457	484	7190	-10322
9487	6055	-1123	2632
9518	1354	-1823	3559
9549	-2715	-336	963
9580	6914	449	3188
9612	-1707	1159	3115
9642	-366	-166	2245
9673	-1349	2613	4514
9704	-1030	306	-152
9735	905	-904	-1492
9767	2024	-874	-7045
9797	5185	-4963	-11759
9828	5449	-9838	-10214
9859	3674	-12269	-7203
9890	2214	-13292	-4803
9921	1160	-13679	-3256
9952	365	-13719	-2519
9983	-291	-13777	-2441
10014	-895	-13553	-2881
10045	-20421	9729	825
10077	305	1281	4353
10107	-3327	-3246	540
10138	991	3181	3997
10169	-3940	948	2744
10200	1008	2910	4404
10232	75	2613	3090
10262	-235	1871	244
10293	1515	-571	-988
10324	720	-1494	-5999
10355	4248	-3698	-8737
10387	680	-7387	-9966
10417	-755	-7246	-9938
10448	-1995	-6337	-10595
10479	-3085	-4535	-11346
10510	-3696	-1933	-12042
10542	-3731	990	-12065
10572	-3101	3555	-11658
10603	-2266	5498	-10641
10634	19155	-2124	1400
10665	12137	4237	5243
10697	-4130	1022	201
10727	-2139	1540	2847
10758	-932	83	2658
10789	-1077	1027	1953
10820	288	560	1678
10852	-428	-1024	-1816
10882	1831	-1623	-3439
10913	208	-4588	-7356
10944	4199	-8129	-10861
10975	2915	-9637	-9004
11007	15031	11047	-1508
11037	569	-4152	2506
11068	-414	2639	-946
11099	-1803	-101	629
11130	-1076	-387	-2132
11162	535	-269	-212
11192	-689	-556	729
11223	679	694	351
11254	95	-162	726
11285	-494	780	1017
11317	951	489	1132
11347	540	-54	575
11378	-1904	-940	928
11409	217	-411	938
11440	132	-894	-336
11472	432	-772	-874
11502	1909	-293	-995
11533	209	-544	-1725
11564	610	328	-96
11595	586	-597	316
11627	-1508	-353	118
11657	-422	249	1288
11688	-270	-601	374
11719	-1355	-577	46
11750	-461	-874	119
11782	-147	-399	108
11812	-1730	-727	1026
11843	-985	-599	679
11874	-514	-260	537
11905	88	71	193
11937	-33	-48	133
11967	-45	-166	52
11998	-554	-225	291
12029	-630	-357	245
12060	-444	-374	220
12092	-79	-192	184
12122	-37	-126	-36
12153	-13	19	-68
12184	-92	114	-111
12215	-26	-62	-7
12247	-84	-104	109
12277	-57	-203	14
12308	-239	-182	-17
12339	-180	-274	-150
12370	-87	-11	-56
12402	-56	-101	33
12432	-30	-103	20
12463	-23	-45	34
12494	3	-11	-8
12525	-130	-44	8
12557	-65	-121	160
12587	-84	-64	108
12618	9	-11	11
12649	-244	-196	20
12680	214	242	408
12712	-6	-19	-62
12742	8	-58	-55
12773	6	38	-116
12804	-4	108	81
12835	0	-81	11
12867	-19	-38	4
12897	-40	-92	53
12928	-41	-74	-54
12959	-63	15	14
12990	-19	1	-61
13022	-23	14	-87
13052	9	11	17
13083	-26	33	-39
13114	-29	5	-58
13145	-59	62	-43
13177	-56	-21	8
13207	-111	-43	-102
13238	-12	-5	131
13269	-28	-4	14
13300	-25	43	-29
13332	-22	-9	74
13362	-32	19	-68
13393	-6	-13	30
13424	-22	8	-48
13455	-29	84	59
13487	-58	13	-21
13517	-110	3	-26
13548	-87	-5	14
13579	-54	2	-111
13610	-74	21	118
13642	-65	13	-32
14013	-16485	-2453	-4
14044	-1317	-1094	-1709
14075	-5174	-2812	-489
14107	-6470	-2820	-3276
14137	-4374	1457	-6631
14168	-293	-947	-721
14199	350	-255	433
14230	-266	-409	4965
14262	1782	1033	8908
14292	3000	4195	12751
14323	1704	6163	12116
14354	225	7054	11841
14385	-1303	6633	12058
14417	-2671	5053	12531
14447	-3663	2523	13313
14478	-3952	-575	13403
14509	-3632	-3562	12987
14540	-21184	8260	-5494
14572	1421	11208	-480
14602	-4067	-1302	1250
14633	-1232	376	-166
14664	-2652	2099	-973
14695	-956	1404	1649
14727	1034	3596	2128
14757	1306	-316	1
14788	955	-4823	-1413
14819	-1947	-9545	-1401
14850	-6651	-13853	-9075
14882	-9293	-7322	-14544
14912	-9917	2175	-15979
14943	-8188	10608	-12317
14974	-5910	14924	-6705
15005	-4688	16224	-1779
15037	-4909	15892	3014
15067	-32768	-7721	-4391
15098	-9219	8642	5302
15129	-589	719	-2906
15160	-1345	3462	-4678
15192	-4993	2694	-2687
15222	-2360	5231	991
15253	-593	2533	-1745
15284	1	952	229
15315	-1321	-3721	-1224
15347	857	-7801	-2141
15377	-5927	-12953	-5125
15408	-8503	-8734	-10734
15439	-9674	-1498	-13792
15470	-8972	6519	-12181
15502	-7295	11824	-7536
15532	-6143	13784	-2435
15563	-6195	13729	2673
15594	-23959	10527	8519
15625	-2733	4028	-6147
15657	-6286	3643	2243
15687	-2226	-92	-4433
15718	-5149	1009	-2298
15749	-3628	3741	516
15780	-377	1623	-552
15812	1115	-981	461
15842	2611	-5063	2315
15873	926	-9178	5063
15904	1138	-11658	6365
15935	2557	-10606	7621
15967	4189	-8602	9717
15997	5619	-5103	11948
16029	6344	-145	12956
16059	5812	4652	12058
16090	4470	8340	9940
16122	3078	10353	7728
16152	-30340	159	-10048
16183	-3504	4562	1209
16214	-3310	2092	-1808
16245	-1857	3459	-2916
16277	-2175	4744	-51
16307	223	1105	-226
16338	663	-1817	345
16369	2949	-6239	934
16400	919	-10515	3988
16432	-12982	-15240	-632
16462	-14624	-10150	-11576
16493	-15319	3505	-14869
16524	-13448	13886	-6754
16555	-13230	14462	5114
16587	-15326	4973	14236
16617	-15095	-8496	12273
16648	-32753	7685	3872
16679	-591	-4749	1814
16710	-5033	-372	-1246
16742	2893	-1512	-1518
16772	-2477	-1060	-3051
16803	-1713	-967	-2402
16834	-346	580	-1105
16865	-1743	-528	11
16897	-1495	-107	626
16927	-113	-108	948
16958	1039	919	743
16989	-332	2011	280
17020	-543	1156	1165
17052	1385	1872	522
17082	2165	2504	-2015
17113	-2633	1486	-1688
17144	-5452	-1422	-1567
17175	-9372	-2732	-1512
17207	-5241	-1929	-2695
17237	-2510	-980	298
17268	-3428	-542	92
17299	-2636	-311	915
17330	-3307	527	1156
17362	-1758	2202	301
17392	6394	647	4507
17423	4528	1153	3367
17454	2235	-292	1808
17485	58	647	2169
17517	-2264	-369	2116
17547	-5821	-1491	1602
17578	-5767	-1966	-1281
17609	-5916	-2869	174
17640	-5044	-1466	2
17672	-4871	-2970	-3188
17702	-1573	244	-685
17733	-1740	1527	-2176
17764	-2292	184	3759
17795	-4203	-976	1846
17827	-1124	-2529	450
17857	-1280	-3250	-289
17888	1915	-4210	-1789
17919	329	353	-2349
17950	-1401	6135	288
17982	952	949	-2076
18012	3455	1092	2252
18043	4802	-2886	4407
18074	4307	-2609	5476
18105	1187	-1473	3155
18137	706	-369	1962
18167	523	-951	1168
18198	529	-1486	1471
18229	442	-1150	81
18260	-1389	139	-371
18292	816	-512	-124
18322	315	336	78
18353	-241	1246	-990
18384	-126	727	-1666
18415	120	1187	-1829
18447	-412	324	-1253
18477	-348	23	-282
18508	-1353	-1532	-947
18539	455	-498	704
18570	1875	1693	3551
18602	-579	2118	863
18632	21	2325	1887
18663	-776	2121	1504
18694	-1709	2459	1050
18725	-1814	524	474
18757	-1122	1326	204
18787	-966	1327	-739
18818	-232	721	182
18849	-487	926	326
18880	-972	1232	-326
18912	-527	1065	639
18942	94	1181	584
18973	394	684	1291
19004	459	354	1816
19035	1336	-396	2451
19067	1722	-127	1603
19097	1009	-296	1860
19128	2864	-2454	1687
19159	7932	-2304	2155
19190	1706	249	-1775
19222	1669	214	-2657
19252	1911	-1074	-774
19283	4341	329	2841
19314	4029	-418	2199
19345	1454	-533	890
19377	985	-813	1174
19407	699	-449	664
19438	509	-362	550
19469	725	-184	757
19500	101	-378	405
19532	-26	-388	307
19562	-53	-276	223
19593	26	-325	228
19624	-181	-393	272
19655	-219	-595	179
19687	-74	-458	228
19717	-53	-318	204
19748	-94	-192	-141
19779	-199	-319	-33
19810	-23	-111	97
19842	-225	-450	-116
19872	245	-6	37
19903	-331	-301	-137
19934	124	-72	31
19965	-27	-101	-33
19997	16	-62	-15
20027	23	13	-5
20058	99	13	-130
20089	-135	18	9
20120	-25	26	-51
20152	-150	-12	-115
20182	-60	-70	27
20213	-72	-78	-75
20244	-200	-54	-43
20275	-180	-102	-115
20307	-98	9	-102
20337	-10	-12	-48
20368	-76	-135	-4
20399	-16	-42	40
20430	-38	35	-14
20462	-114	6	11
20492	-123	-38	-115
20523	23	-72	8
20554	-1	-30	27
20585	-26	-74	9
20617	-50	-58	-11
20647	-37	-48	1
20678	-74	-14	59
20709	-13	-47	78
20740	-12	-47	36
20772	-42	32	140
20802	-35	53	78
20833	-95	8	12
20864	-49	97	-75
20895	55	-78	80
20927	37	49	52
20957	77	-50	37
20988	-120	-42	9
21019	-71	59	-81
21050	-171	-47	-20
21082	-63	0	-83
21112	-123	-34	-71
21143	-34	12	-64
21174	-103	-49	-165
21205	-87	-5	-169
21237	-30	-35	-87
21267	-101	-20	-61
21298	45	-11	-24
21329	-78	-18	-1
21360	-46	10	-37
21392	-59	-48	34
21422	-75	21	23
21453	-27	-24	21
21484	-83	-8	30
21515	29	-20	46
21547	-70	26	-97
21577	-27	72	-27
21608	-89	8	-23
21639	-7	-12	131
21670	-49	-40	21
21702	-62	37	-131
21732	-55	12	-29
21763	-113	-54	-49
21794	-91	32	-15
21825	7	-5	-40
21857	-95	30	-70
22012	-304	-452	399
22042	-523	-760	663
22073	-507	-472	411
22104	-638	-570	433
22135	-851	-509	444
22167	-614	-187	361
22197	-379	95	125
22228	-112	-4	377
22259	-272	119	620
22290	-389	-238	512
22322	-1270	-602	944
22352	-640	-679	163
22383	-843	-85	110
22414	-626	-134	61
22445	-340	206	96
22477	-625	-127	368
22507	-827	-129	418
22538	-1169	-145	290
22569	-989	521	462
22600	-1220	-30	393
22632	-844	-309	466
22662	-1028	103	462
22693	-130	-125	22
22724	-492	-402	47
22755	-427	-288	-77
22787	-334	-216	-105
22817	36	-132	-216
22848	-123	-42	2
22879	-113	-141	-57
22910	-115	-75	-1
22942	93	-27	-71
22972	-60	-17	-11
23003	70	86	-95
23034	-43	42	-153
23065	-48	-12	91
23097	-28	-18	-26
23127	37	-49	65
23158	-38	-14	6
23189	-12	-11	-10
23220	191	-109	15
23252	37	-15	12
23282	13	25	-104
23313	-12	165	-106
23344	47	90	-11
23375	-5	40	-137
23407	-44	-11	-77
23437	-2	-7	-41
23468	-6	-39	72
23499	-46	0	39
23530	-13	-31	-20
23562	-15	-111	36
23592	-75	-61	-48
23623	-105	-65	31
23654	48	30	-109
23685	-41	25	56
23717	-41	80	112
23747	52	116	-24
23778	-61	-51	24
23809	-97	23	-55
23840	-60	34	-52
23872	-83	29	66
23902	-56	95	-67
23933	-41	-41	-54
23964	-112	-4	34
23995	18	-22	-67
24027	-85	52	-89
24057	8	-31	5
24088	-67	-10	-71
24119	-43	-12	81
24150	-37	-13	5
24182	-27	-20	-70
24212	-96	12	27
24243	-30	70	2
24274	-24	9	-76
24305	-56	-47	37
24337	18	-32	90
24367	7	-5	-8
24398	1	-61	74
24429	-57	-28	-19
24460	5	70	-64
24492	-3	-10	19
24522	86	60	-128
24553	59	167	-231
24584	40	63	-77
24615	-6	3	-42
24647	-53	36	-127
24677	2	50	-38
24708	-76	-42	-35
24739	9	60	-32
24770	-79	5	-98
24802	8	42	28
24832	-46	35	-123
24863	-64	49	41
24894	48	39	-190
24925	-31	-21	65
24957	-37	29	87
24987	30	22	56
25018	5	-20	-19
25049	-28	16	-41
25080	8	69	-16
25112	-13	-22	49
25142	-25	28	-46
25173	-47	42	-58
25204	-37	20	65
25235	-32	30	-114
25267	-71	-4	-85
25297	-105	-82	39
25328	-41	-37	-19
25359	-54	-55	-41
25390	-54	36	-4
25422	-58	8	-76
25452	-35	8	-46
25483	-81	-39	15
25514	-97	-39	-5
25545	-55	-47	49
25577	-80	-8	46
25607	-19	-2	-73
25638	-42	15	71
25669	23	43	-67
25700	-53	3	-19
25732	-71	30	-13
25762	-56	10	36
25793	-48	-21	-61
25824	1	48	-7
25855	-16	3	12
25887	-73	-59	14
25917	-89	-128	122
25948	-63	-61	-58
25979	-48	-64	43
26010	-67	-8	-68
26042	-42	0	-23
26072	-26	43	-150
26103	-18	18	160
26134	82	30	-106
26165	11	-12	27
26197	-5	6	72
26227	-19	15	-24
26258	-61	3	-24
26289	28	127	-13
26320	-54	25	-29
26352	21	30	17
26382	36	-5	82
26413	27	25	-30
26444	43	-39	132
26475	28	-35	-71
26507	-28	58	-19
26537	-46	42	2
26568	-64	-2	44
26599	-64	48	-24
26630	-86	9	-44
26662	-26	70	-16
26692	29	73	-145
26723	-57	-10	62
26754	-54	20	-121
26785	33	-18	-63
26817	-12	-2	162
26847	-68	6	-17
