1	410	9	-27
32	-469	4	-2
63	-213	86	-2
109	352	12	-13
125	-104	-36	17
157	-338	-8	-29
187	100	38	-99
218	274	49	49
249	-372	26	-115
280	-165	-21	104
312	156	-42	-45
342	134	-32	39
373	-241	15	22
404	-43	-6	-10
435	75	-69	66
466	123	-39	-27
497	-264	35	25
528	-104	19	-102
559	51	12	84
590	12	35	-142
621	-154	24	9
652	-20	4	58
683	87	42	44
714	-167	26	28
745	-12	52	8
776	42	45	21
807	-141	51	-67
838	52	38	46
869	-112	-14	-128
900	-4	-12	41
931	-114	15	-60
962	15	39	96
993	-46	12	18
1024	-37	36	12
1055	-145	5	-20
1087	-22	38	-79
1117	-101	63	-33
1148	-20	16	-85
1179	-72	76	59
1210	-58	-25	-126
1242	-36	29	138
1272	-78	5	-92
1303	5	-16	-8
1334	-82	25	8
1365	-36	-16	3
1397	-69	9	-13
1427	-82	29	-35
1458	-76	65	-41
1489	-96	38	-65
1520	-61	18	78
1552	-40	-31	-98
1582	-17	-6	116
1613	-49	8	49
1644	-71	26	-23
1675	-71	12	5
1707	-69	25	-16
1737	-78	55	-71
1768	-74	26	-33
1799	-72	49	-23
1830	-39	38	-139
1862	-43	44	72
1892	-29	-75	25
1923	-18	13	-7
1954	-72	-18	44
1985	-25	32	-26
2017	-52	-56	21
2047	-52	29	-16
2078	-87	66	-22
2109	-82	48	-7
2140	-56	31	-4
2171	-60	26	-90
2202	-7	9	52
2233	-24	-54	22
2264	-45	-8	-41
2295	-65	-11	19
2327	-20	-34	-16
2357	-55	52	-41
2388	-78	-2	-33
2419	-33	29	-48
2450	-48	-7	-79
2481	-55	-8	43
2512	-24	-5	-38
2543	-48	-20	25
2574	7	-22	-11
2605	-49	-28	0
2637	-53	26	-5
2667	-32	1	-5
2698	-76	-42	-2
2729	-46	16	15
2760	-48	35	55
2792	-56	-66	80
2822	-50	-49	71
2853	-42	-46	-41
2884	-36	-19	2
2915	-15	21	40
2947	-58	36	-23
2977	-24	15	-16
3008	-60	-5	-22
3039	-40	11	25
3070	-50	-2	-112
3101	-94	53	15
3132	-28	22	-64
3163	-46	-2	52
3194	-30	-9	-39
3225	-13	24	-10
3257	-33	-26	22
3287	-35	25	-74
3318	-65	9	11
3349	-84	25	-104
3380	-63	1	58
3411	-43	9	5
3442	-46	26	52
3473	-36	34	-42
3504	-27	4	11
3535	-29	3	31
3567	42	49	-10
3597	-49	-25	74
3628	-49	25	-22
3659	-92	36	19
3690	-64	49	-85
3722	-55	18	93
3752	-43	15	-134
3783	-37	12	88
3814	-26	32	-35
3845	-41	4	17
3877	-36	31	47
3907	-75	48	-14
3938	-89	-2	-52
3969	-30	30	-60
4000	-79	16	6
4032	-25	34	-95
4062	-17	-4	85
4093	-27	8	-80
4124	-31	49	24
4155	-37	-2	-49
4186	-33	32	28
4217	-59	35	-44
4248	-55	1	-57
4279	-68	5	-48
4310	-40	45	-92
4342	-59	34	61
4372	-53	9	-114
4403	-72	19	47
4434	-39	41	-109
4465	-17	-22	65
4497	-83	34	-26
4527	-54	22	-19
4558	-87	0	-42
4589	-78	41	-80
4620	-77	-11	-33
4652	-59	61	-115
4682	-58	76	65
4713	-10	1	-123
4744	-33	15	55
4775	-3	-30	-93
4807	-30	41	-41
4837	-73	52	-13
4868	-26	1	-36
4899	-68	26	-19
4930	-102	12	3
4962	-62	39	21
4992	-82	36	-80
5023	-44	18	59
5054	-53	-6	-80
5085	-49	-4	-36
5116	6	2	24
5147	-39	15	-14
5178	-73	2	-36
5209	-27	52	-23
5240	-52	49	-39
5272	-82	12	-46
5302	-17	30	30
5333	-64	-5	-123
5364	-71	32	106
5395	-57	-18	37
5427	-56	15	14
5457	-29	21	21
5488	-59	1	-73
5519	-66	4	-38
5550	-36	11	-57
5582	-70	61	61
5612	-79	46	-93
5643	-62	72	37
5674	-59	-12	-36
5705	-18	28	-5
5736	-30	2	-2
5767	-40	2	-19
5798	-43	-54	-24
5829	-66	-28	-51
5860	-52	29	-44
5892	-98	59	-74
5922	-85	33	-49
5953	-78	35	-120
5984	-76	-30	14
6015	25	2	12
6046	-33	66	104
6077	-32	-5	52
6108	-26	21	-1
6139	-37	-9	21
6170	-105	8	-8
6202	-86	12	22
6232	-32	69	-32
6263	-42	5	112
6294	-24	8	-14
6325	-37	-59	63
6357	-35	-11	65
6387	-17	-25	-29
6418	-59	-15	8
6449	-25	-41	0
6480	-66	36	-33
6511	-69	22	-16
6542	-66	61	-65
6573	-18	44	-114
6604	-40	32	24
6635	-43	16	0
6666	-43	0	3
6697	-23	8	68
6728	-23	-5	-29
6759	903	-61	78
6790	-217	-95	-51
6822	-461	45	-80
6852	-119	83	118
6883	-194	15	207
6914	-155	-1	-130
6945	-75	-12	280
6976	-59	38	-52
7007	13	-26	15
7038	49	-29	27
7069	-27	-16	55
7100	51	29	97
7132	-11	29	91
7162	-24	28	77
7193	-21	29	-67
7224	43	-4	185
7255	32	-22	9
7286	21	32	-46
7317	41	5	-22
7348	19	-39	-55
7379	-11	18	-46
7410	-39	21	-19
7441	-41	19	-30
7472	-9	41	-48
7503	-37	6	31
7534	-94	6	-108
7565	-70	-8	44
7596	-91	46	-111
7627	-71	-14	8
7658	-28	-55	-2
7689	-42	2	0
7720	-31	5	11
7751	-134	190	1093
7782	-50	34	3
7813	-36	24	-76
7844	-23	36	94
7875	-78	-5	-143
7906	-162	-14	50
7937	-120	-25	8
7968	-105	-5	12
7999	-1	-66	41
8030	-7	-42	-46
8061	6	-1	-51
8092	7	28	-44
8123	-56	-14	-19
8154	-75	79	-145
8185	-59	41	72
8216	-88	58	-64
8247	-57	8	107
8278	-41	11	-98
8309	25	18	8
8340	-33	4	-19
8371	-18	31	109
8402	-60	48	-16
8433	-105	14	-64
8464	-33	18	39
8495	-68	-4	-104
8526	-83	38	-26
8557	-59	6	-102
8588	50	127	27
8619	-44	31	-20
8650	9	14	-26
8681	24	45	61
8712	-23	9	25
8743	-120	21	-58
8774	-3	71	-310
8805	-21	-8	34
8836	-40	61	-5
8867	-36	12	87
8898	-66	-14	-117
8929	2	14	11
8960	-10	4	22
8991	-40	16	0
9022	-93	63	-64
9053	-45	5	-8
9084	-46	89	-16
9115	-98	45	-127
9146	-98	42	-27
9177	-56	26	-105
9208	-41	19	91
9239	-89	34	-83
9270	-67	9	19
9301	-36	8	-178
9332	-44	11	-39
9363	-83	35	-23
9394	-20	49	-82
9425	-69	5	21
9456	-90	29	-13
9487	-65	-8	100
9518	-51	-34	-54
9549	-27	4	-57
9580	-74	-8	24
9611	-10	-22	27
9642	-51	44	-39
9673	-50	-9	-2
9704	-50	24	-4
9735	-41	73	-52
9766	-43	35	-39
9797	-53	99	-41
9828	-41	12	69
9859	-61	-21	39
9890	-15	15	-23
9921	-55	-45	-39
9952	-43	21	3
9983	-14	36	-38
10014	-41	32	-23
10045	-17	2	-7
10076	172	55	-17
10107	-34	21	-13
10138	63	-27	-105
10169	-50	-5	-23
10200	-67	-22	49
10232	-129	-11	96
10262	-83	6	21
10293	-131	55	-51
10324	-94	65	-38
10355	-91	83	-32
10387	-59	45	47
10417	-62	36	-96
10448	-18	41	55
10479	-5	-52	-19
10510	-63	-29	-11
10541	-7	24	-79
10572	-65	4	-118
10603	-7	-15	-23
10634	-56	-24	-33
10665	-72	36	-61
10697	-70	21	-32
10727	-63	52	15
10758	-76	-8	-92
10789	-35	26	55
10820	-8	-32	61
10852	-34	-14	-44
10882	-81	-14	17
10913	-52	-26	-51
10944	-33	14	-36
10975	-108	1	3
11006	-115	22	-20
11037	-103	29	68
11068	-54	4	77
11099	54	-88	84
11130	-58	-14	84
11161	-62	24	-80
11192	-34	2	34
11223	-33	-1	53
11254	-79	-8	-19
11285	-44	6	-64
11316	-71	-5	-20
11347	-54	55	-29
11378	-21	48	-51
11409	18	-26	91
11440	-10	-15	21
11471	8	46	102
11502	-63	2	61
11533	-27	-6	-30
11564	-89	-29	37
11595	-42	21	-19
11627	-22	-18	0
11657	-81	18	-77
11688	-105	12	24
11719	-50	-8	-74
11750	-62	-8	49
11781	-45	25	-150
11812	-14	-41	-4
11843	-36	-24	21
11874	-75	29	-48
11905	-69	5	-73
11936	-125	21	-10
11967	-159	31	-65
11998	-72	5	-89
12029	-109	36	84
12060	-62	8	-55
12091	-32	49	91
12122	-44	18	18
12153	-52	-14	-14
12184	-37	-28	53
12215	-45	-4	-13
12246	-29	19	2
12277	-72	-6	-73
12308	-62	14	65
12339	-68	14	-112
12370	-18	-6	100
12401	-52	38	-30
12432	-47	-4	21
12463	32	-16	74
12494	74	-14	21
12525	-50	11	27
12556	-25	36	-60
12587	-23	22	-16
12618	-18	58	-95
12649	-101	44	74
12680	-49	21	-109
12711	-46	35	-4
12742	-4	9	-32
12773	16	-15	44
12804	-66	36	90
12835	-49	18	50
12866	-56	-5	3
12897	-35	-12	-24
12928	-59	35	77
12959	-71	3	-93
12990	-62	-35	192
13022	-66	28	-85
13052	-15	-22	189
13083	-35	14	12
13114	-16	-6	-11
13145	-20	4	30
13176	-24	15	-24
13207	-23	21	37
13238	-72	25	-87
13269	-35	61	102
13300	-29	-22	-80
13332	-80	36	-16
13362	-59	46	-54
13393	-23	29	-5
13424	-1	9	-4
13455	-38	29	-13
13486	-36	5	-7
13517	-64	-12	-57
13548	-61	-9	21
13579	-37	66	-98
13610	-86	-12	106
13642	-53	18	59
13672	-69	2	112
13703	-59	25	-49
13734	-27	-31	27
13765	-20	14	-30
13797	-92	-25	-7
13827	-28	22	47
13858	-75	35	-45
13889	-95	76	2
13920	-44	16	-115
13951	-33	45	-35
13982	-17	39	-118
14013	-30	-6	68
14044	-27	-11	-46
14075	-7	15	2
14106	-24	-9	12
14137	-31	-49	-24
14168	-177	55	-7
14199	-128	-1	-77
14230	-49	14	-10
14261	-2	34	-140
14292	-51	-31	56
14323	-54	-2	-115
14354	-49	-24	61
14385	-53	-39	-22
14416	-40	-26	-10
14447	-3	-32	56
14478	-43	2	-13
14509	-60	21	-19
14540	-50	34	-83
14571	6	-62	25
14602	-67	46	-121
14633	-34	19	119
14664	-36	-5	-99
14695	-35	-1	78
14727	-47	-16	-11
14757	-11	-35	-17
14788	-36	-61	-60
14819	-51	19	-48
14850	-68	4	8
14882	-4	12	-74
14912	-34	52	74
14943	-45	51	-149
14974	-32	2	78
15005	-71	-56	-96
15036	1	22	63
15067	-20	-25	12
15098	-70	-4	-20
15129	-83	49	-71
15160	-112	44	-2
15191	-54	-1	-7
15222	-21	61	-98
13920	-3	-125	-20
13952	-46	-110	-87
13982	52	23	52
14013	206	46	110
14044	-75	47	55
14075	153	133	236
14107	-13	236	186
14137	95	-21	74
14168	-52	63	125
14199	80	-274	-4
14230	6	13	-92
14262	58	210	-284
14292	626	721	-353
14323	157	201	-139
14354	-11	-161	184
14385	770	317	269
14417	125	-28	173
14447	864	254	119
14478	421	176	49
14509	749	-1352	-152
14540	-4	10	97
14572	172	304	165
14602	119	-1374	-39
14633	-92	9	172
14664	-85	129	179
14695	-56	-10	113
14727	-24	-14	63
14757	74	-157	-32
14788	159	217	-109
14819	-43	-101	230
14850	260	297	-36
14882	101	62	-99
14912	111	410	-137
14943	-66	-195	90
14974	-8	624	-184
15005	-157	-314	43
15037	-175	-24	8
15067	-403	-289	236
15098	-108	110	44
15129	-156	-237	14
15160	-242	26	145
15192	-131	-75	-23
15222	-132	-546	131
15253	-156	-202	-73
15284	-248	-212	43
15315	-66	-180	55
15347	-154	-157	19
15377	-13	-122	84
15408	14	-567	-20
15439	23	27	-36
15470	32	79	-36
15502	19	53	15
15532	174	-43	-90
15563	-55	-108	-4
15594	-29	-182	3
15625	-17	-3	-1
15657	-50	-58	41
15687	38	-124	-46
15718	-3	-8	-49
15749	104	-7	-89
15780	114	159	-27
15812	56	-141	18
15842	60	77	-93
15873	-23	-8	-145
15904	45	9	49
15935	5	14	-46
15967	77	46	-82
15997	-124	-47	-93
16028	-50	4	-52
16059	-102	36	74
16090	12	40	-74
16122	-58	-50	5
16152	15	-13	-136
16183	-53	-37	2
16214	-27	-81	5
16245	-99	-11	-46
16277	-40	-27	-17
16307	-86	-11	-20
16338	-31	22	-48
16369	-24	14	-60
16400	-11	-8	58
16432	-104	3	11
16462	-16	-31	47
16493	-43	-61	-11
16524	-17	33	-32
16555	-26	-55	-19
16587	-53	3	-46
16617	-108	13	-51
16648	90	32	-300
16679	-110	-10	78
16710	-79	105	-76
16742	-118	-53	-108
16772	-43	-5	-58
16803	31	-100	-60
16834	3	-351	-33
16865	-135	-241	-79
16897	-4	260	-45
16927	-90	431	-45
16958	-85	-119	97
16989	-88	-84	-114
17020	-33	-91	99
17052	-48	154	-10
17082	-60	42	11
17113	-76	75	-10
17144	-50	-15	-17
17175	3	72	-30
17207	-55	-158	-26
17237	-40	-264	-13
17268	-76	-198	-162
17299	-52	-532	3
17330	-103	-101	81
17362	-14	-11	-80
17392	-95	331	61
17423	-51	221	5
17454	-35	-121	-42
17485	-64	-259	-41
17517	-27	39	19
17547	-18	99	-131
17578	-66	3	91
17609	-20	-17	-29
17640	-59	-27	28
17672	-60	22	104
17702	-57	-131	-39
17733	-113	68	36
17764	-92	159	-85
17795	-28	-5	49
17827	-62	200	-10
17857	-52	-35	6
17888	-95	122	-102
17919	-34	-34	77
17950	-52	-40	-5
17982	-101	-51	-17
18012	-140	4	-68
18043	-17	-21	-102
18074	-190	89	53
18105	-95	-64	-74
18137	-27	92	18
18167	-32	0	5
18198	-66	147	-41
18229	-63	-5	82
18260	-56	0	58
18292	-32	-42	59
18322	-73	18	-27
18353	-50	48	-83
18384	-56	43	-65
18415	-40	70	112
18447	-70	-10	-71
18477	-35	-31	33
18508	-65	94	50
18539	-33	-18	-35
18570	-40	-93	19
18602	-36	13	-74
18632	-29	36	-14
18663	-21	13	-90
18694	-17	43	131
18725	61	-25	-106
18757	66	-31	-120
18787	116	63	-82
18818	68	134	77
18849	-100	353	147
18880	-2	-49	-167
18912	-143	-48	6
18942	-30	-673	-240
18973	-111	-101	84
19004	-65	7	-112
19035	-40	-67	21
19067	-57	2028	33
19097	-66	56	-112
19128	-62	-11	27
19159	-124	34	2
19190	-2	106	-104
19222	-38	136	-114
19252	-215	-48	-11
19283	-27	63	-189
19314	-4	220	-20
19345	-31	18	-41
19377	-14	127	-149
19407	-115	35	-8
19438	-119	-17	-33
19469	-86	16	-57
19500	-66	96	-41
19532	-31	207	15
19562	-140	174	-77
19593	48	379	74
19624	601	815	-44
19655	616	1065	39
19687	421	989	138
19717	77	822	-16
19748	-56	277	112
19779	-78	450	-143
19810	-93	533	91
19842	-109	531	77
19872	-20	462	61
19903	-44	481	-58
19934	-459	340	-104
19965	-1336	374	-36
19997	-203	-532	-990
20027	-1571	-1245	-2044
20058	134	-38	-553
20089	-485	-545	-813
20120	448	-1037	-577
20152	616	496	619
20182	-872	-301	-675
20213	-1159	-336	-531
20244	-1004	1252	-95
20275	57	60	917
20307	-869	-435	1005
20337	-886	652	425
20368	-193	111	279
20399	-437	-823	642
20430	-111	96	339
20462	-218	550	-153
20492	-138	1148	210
20523	-507	159	-356
20554	8	-463	-240
20585	-265	-172	6
20617	-137	-739	-155
20649	433	-809	162
20678	539	-379	75
20709	-1608	-888	-44
20740	175	353	198
20772	813	675	591
20802	334	-14	289
20833	898	2229	-669
20864	-277	-32	241
20895	-99	367	-341
20927	1133	2701	-2567
20957	923	611	160
20988	873	583	160
21019	-629	852	742
21050	434	313	-451
21082	594	263	-947
21112	2263	647	-272
21143	1560	1036	-520
21174	1755	1558	-235
21205	877	300	-1007
21237	420	-88	-487
21267	155	219	251
21298	414	132	223
21329	159	-178	61
21360	-295	-295	-230
21392	35	-428	25
21422	-680	-1030	-99
21453	569	-444	247
21484	-381	-265	-153
21515	73	-297	-89
21547	-225	-668	-30
21577	-341	86	115
21608	-189	-436	-42
21639	-472	-194	302
21670	-511	-864	331
21702	-1054	-1118	586
21732	-1173	-1361	789
21763	-826	-1308	1043
21794	-288	-204	399
21825	182	293	394
21857	-4	-726	850
21887	152	521	-131
21918	197	115	390
21949	551	199	460
21980	217	-154	677
22012	-304	-452	399
22042	-523	-760	663
22073	-507	-472	411
22104	-638	-570	433
22135	-851	-509	444
22167	-614	-187	361
22197	-379	95	125
22228	-112	-4	377
22259	-272	119	620
22290	-389	-238	512
22322	-1270	-602	944
22352	-640	-679	163
22383	-843	-85	110
22414	-626	-134	61
22445	-340	206	96
22477	-625	-127	368
22507	-827	-129	418
22538	-1169	-145	290
22569	-989	521	462
22600	-1220	-30	393
22632	-844	-309	466
22662	-1028	103	462
22693	-130	-125	22
22724	-492	-402	47
22755	-427	-288	-77
22787	-334	-216	-105
22817	36	-132	-216
22848	-123	-42	2
22879	-113	-141	-57
22910	-115	-75	-1
22942	93	-27	-71
22972	-60	-17	-11
23003	70	86	-95
23034	-43	42	-153
23065	-48	-12	91
23097	-28	-18	-26
23127	37	-49	65
23158	-38	-14	6
23189	-12	-11	-10
23220	191	-109	15
23252	37	-15	12
23282	13	25	-104
23313	-12	165	-106
23344	47	90	-11
23375	-5	40	-137
23407	-44	-11	-77
23437	-2	-7	-41
23468	-6	-39	72
23499	-46	0	39
23530	-13	-31	-20
23562	-15	-111	36
23592	-75	-61	-48
23623	-105	-65	31
23654	48	30	-109
23685	-41	25	56
23717	-41	80	112
23747	52	116	-24
23778	-61	-51	24
23809	-97	23	-55
23840	-60	34	-52
23872	-83	29	66
23902	-56	95	-67
23933	-41	-41	-54
23964	-112	-4	34
23995	18	-22	-67
24027	-85	52	-89
24057	8	-31	5
24088	-67	-10	-71
24119	-43	-12	81
24150	-37	-13	5
24182	-27	-20	-70
24212	-96	12	27
24243	-30	70	2
24274	-24	9	-76
24305	-56	-47	37
24337	18	-32	90
24367	7	-5	-8
24398	1	-61	74
24429	-57	-28	-19
24460	5	70	-64
24492	-3	-10	19
24522	86	60	-128
24553	59	167	-231
24584	40	63	-77
24615	-6	3	-42
24647	-53	36	-127
24677	2	50	-38
24708	-76	-42	-35
24739	9	60	-32
24770	-79	5	-98
24802	8	42	28
24832	-46	35	-123
24863	-64	49	41
24894	48	39	-190
24925	-31	-21	65
24957	-37	29	87
24987	30	22	56
25018	5	-20	-19
25049	-28	16	-41
25080	8	69	-16
25112	-13	-22	49
25142	-25	28	-46
25173	-47	42	-58
25204	-37	20	65
25235	-32	30	-114
25267	-71	-4	-85
25297	-105	-82	39
25328	-41	-37	-19
25359	-54	-55	-41
25390	-54	36	-4
25422	-58	8	-76
25452	-35	8	-46
25483	-81	-39	15
25514	-97	-39	-5
25545	-55	-47	49
25577	-80	-8	46
25607	-19	-2	-73
25638	-42	15	71
25669	23	43	-67
25700	-53	3	-19
25732	-71	30	-13
25762	-56	10	36
25793	-48	-21	-61
25824	1	48	-7
25855	-16	3	12
25887	-73	-59	14
25917	-89	-128	122
25948	-63	-61	-58
25979	-48	-64	43
26010	-67	-8	-68
26042	-42	0	-23
26072	-26	43	-150
26103	-18	18	160
26134	82	30	-106
26165	11	-12	27
26197	-5	6	72
26227	-19	15	-24
26258	-61	3	-24
26289	28	127	-13
26320	-54	25	-29
26352	21	30	17
26382	36	-5	82
26413	27	25	-30
26444	43	-39	132
26475	28	-35	-71
26507	-28	58	-19
26537	-46	42	2
26568	-64	-2	44
26599	-64	48	-24
26630	-86	9	-44
26662	-26	70	-16
26692	29	73	-145
26723	-57	-10	62
26754	-54	20	-121
26785	33	-18	-63
26817	-12	-2	162
26847	-68	6	-17
