1	-1820	-610	643
6	-1818	-601	687
11	-1827	-560	677
16	-1832	-542	661
21	-1818	-551	634
26	-1812	-575	632
31	-1819	-587	634
36	-1808	-590	662
41	-1809	-581	652
46	-1799	-570	634
51	-1790	-557	585
56	-1780	-570	593
61	-1790	-529	598
66	-1781	-505	589
71	-1778	-516	595
76	-1791	-526	625
81	-1793	-517	640
86	-1802	-497	640
91	-1822	-514	669
96	-1826	-529	711
101	-1826	-575	750
106	-1817	-636	741
111	-1821	-656	696
116	-1820	-650	710
121	-1817	-614	675
126	-1831	-578	671
131	-1808	-590	683
136	-1802	-628	715
141	-1801	-667	735
146	-1760	-727	722
151	-1746	-771	703
156	-1737	-742	653
161	-1725	-657	585
166	-1733	-614	505
171	-1749	-581	516
176	-1760	-578	553
181	-1784	-585	609
186	-1785	-649	671
191	-1781	-708	735
196	-1786	-712	773
201	-1786	-714	783
206	-1796	-687	724
211	-1801	-621	650
216	-1810	-566	623
221	-1794	-556	615
226	-1800	-558	638
231	-1803	-587	696
236	-1769	-655	708
241	-1752	-699	672
246	-1754	-676	631
251	-1784	-614	635
256	-1789	-548	644
261	-1798	-551	674
266	-1798	-585	694
271	-1798	-614	709
276	-1811	-645	696
281	-1798	-670	670
286	-1791	-685	663
291	-1793	-657	676
296	-1793	-631	681
301	-1779	-637	659
306	-1773	-644	657
311	-1771	-626	646
316	-1779	-626	648
321	-1762	-621	688
326	-1765	-627	658
331	-1760	-659	640
336	-1752	-674	613
341	-1746	-696	606
346	-1735	-697	589
351	-1745	-660	584
356	-1756	-614	603
361	-1765	-584	620
366	-1772	-598	638
371	-1782	-630	685
376	-1774	-648	726
381	-1781	-673	722
386	-1784	-666	725
391	-1797	-631	671
396	-1803	-596	642
401	-1793	-584	615
406	-1797	-596	619
411	-1792	-631	660
416	-1782	-659	679
421	-1773	-695	683
426	-1769	-680	659
431	-1780	-648	650
436	-1774	-620	626
441	-1787	-593	611
446	-1788	-573	655
451	-1795	-575	704
456	-1790	-602	737
461	-1788	-646	727
466	-1772	-677	720
471	-1775	-679	704
476	-1768	-657	674
481	-1774	-617	655
486	-1782	-593	640
491	-1782	-586	685
496	-1778	-617	677
501	-1772	-664	684
506	-1755	-685	671
511	-1758	-678	679
516	-1751	-642	652
521	-1763	-626	662
526	-1773	-600	663
531	-1770	-603	661
536	-1781	-638	665
541	-1775	-644	681
546	-1776	-643	690
551	-1765	-643	673
556	-1775	-641	650
561	-1773	-625	631
566	-1774	-632	621
571	-1762	-654	602
576	-1773	-661	616
581	-1786	-650	687
586	-1778	-654	711
591	-1790	-633	728
596	-1791	-610	713
601	-1799	-607	705
606	-1792	-614	699
611	-1781	-634	706
616	-1788	-647	684
621	-1775	-636	684
626	-1772	-637	666
631	-1775	-642	662
636	-1772	-649	650
641	-1765	-634	638
646	-1771	-647	645
651	-1773	-646	662
656	-1768	-619	710
661	-1774	-628	725
666	-1782	-630	726
671	-1777	-638	705
676	-1774	-653	670
681	-1777	-650	648
686	-1768	-631	622
691	-1774	-628	602
696	-1790	-573	632
701	-1795	-556	663
706	-1793	-579	697
711	-1800	-604	707
716	-1794	-650	682
721	-1779	-661	657
726	-1770	-637	656
731	-1772	-620	672
736	-1776	-616	695
741	-1780	-620	675
746	-1777	-629	636
751	-1769	-651	647
756	-1777	-650	668
761	-1772	-649	701
766	-1773	-637	701
771	-1774	-626	673
776	-1770	-616	659
781	-1756	-622	650
786	-1767	-624	630
791	-1785	-600	680
796	-1788	-614	704
801	-1791	-614	704
806	-1796	-641	694
811	-1782	-642	680
816	-1789	-619	660
821	-1805	-580	667
826	-1795	-582	662
831	-1790	-594	669
836	-1797	-608	657
841	-1788	-628	672
846	-1772	-640	661
851	-1761	-639	645
856	-1766	-628	629
861	-1763	-614	618
866	-1764	-617	612
871	-1782	-610	665
876	-1792	-606	710
881	-1809	-594	755
886	-1794	-606	780
891	-1795	-624	750
896	-1789	-655	724
901	-1769	-645	669
906	-1768	-628	644
911	-1769	-624	630
916	-1766	-616	630
921	-1769	-601	637
926	-1779	-618	663
931	-1765	-635	711
936	-1766	-652	732
941	-1770	-640	740
946	-1783	-643	705
951	-1775	-618	685
956	-1774	-588	664
961	-1786	-565	641
966	-1792	-545	670
971	-1804	-577	696
976	-1795	-567	703
981	-1788	-611	719
986	-1787	-624	723
991	-1783	-624	713
996	-1770	-630	685
1001	-1753	-627	667
1006	-1757	-617	624
1011	-1751	-607	597
1016	-1755	-613	613
1021	-1762	-594	656
1026	-1789	-580	759
1031	-1799	-589	804
1036	-1796	-612	816
1041	-1798	-628	778
1046	-1788	-627	701
1051	-1775	-623	647
1056	-1764	-630	637
1061	-1760	-631	632
1066	-1764	-633	654
1071	-1760	-631	677
1076	-1763	-622	667
1081	-1776	-599	666
1086	-1777	-580	675
1091	-1780	-578	700
1096	-1776	-576	711
1101	-1777	-569	737
1106	-1788	-598	717
1111	-1778	-609	704
1116	-1779	-625	688
1121	-1772	-599	670
1126	-1779	-583	685
1131	-1762	-583	680
1136	-1764	-574	690
1141	-1743	-594	716
1146	-1744	-629	689
1151	-1725	-620	693
1156	-1737	-614	706
1161	-1768	-623	703
1166	-1765	-642	726
1171	-1779	-629	729
1176	-1772	-615	732
1181	-1774	-628	710
1186	-1761	-643	708
1191	-1750	-638	675
1196	-1741	-632	653
1201	-1740	-628	632
1206	-1731	-600	670
1211	-1742	-557	753
1216	-1764	-527	830
1221	-1762	-502	848
1226	-1769	-520	873
1231	-1766	-557	876
1236	-1756	-618	826
1241	-1747	-666	778
1246	-1731	-684	744
1251	-1720	-702	727
1256	-1725	-662	749
1261	-1733	-634	763
1266	-1734	-587	783
1271	-1753	-519	786
1276	-1756	-478	769
1281	-1766	-474	725
1286	-1754	-515	689
1291	-1743	-530	691
1296	-1741	-554	705
1301	-1730	-586	683
1306	-1736	-601	711
1311	-1726	-603	758
1316	-1739	-560	769
1321	-1738	-505	763
1326	-1735	-472	808
1331	-1732	-483	855
1336	-1732	-477	843
1341	-1720	-505	787
1346	-1712	-550	760
1351	-1685	-585	711
1356	-1659	-617	723
1361	-1640	-610	754
1366	-1643	-610	801
1371	-1654	-597	840
1376	-1671	-577	883
1381	-1678	-575	867
1386	-1858	-598	425
1391	-1767	-475	748
1396	-1602	-624	747
1401	-1527	-369	693
1406	-1735	-919	641
1411	-1753	-715	648
1416	-1552	-593	1136
1421	-1752	-203	1146
1426	-1757	-563	1332
1431	-1639	-711	1440
1436	-1733	-585	1202
1441	-1648	-613	911
1446	-1594	-625	713
1451	-1586	-558	833
1456	-1705	-191	909
1461	-1602	-324	565
1466	-1523	-542	943
1471	-1518	-438	1511
1476	-1831	-188	1268
1481	-1764	-478	1293
1486	-1545	-361	1138
1491	-1575	-530	955
1496	-1571	-509	789
1501	-1519	-442	796
1506	-1491	-421	786
1511	-1465	-415	790
1516	-1460	-373	1051
1521	-1452	-250	1283
1526	-1498	-149	1381
1531	-1415	-118	1351
1536	-1443	-39	1247
1541	-1521	13	1205
1546	-1564	132	1227
1551	-1548	113	1096
1556	-1660	138	974
1561	-1655	157	1275
1566	-1644	121	1381
1571	-1617	207	1417
1576	-1570	155	1284
1581	-1561	23	1266
1586	-1525	-25	1115
1591	-1503	-29	1046
1596	-1496	51	1088
1601	-1488	270	1202
1606	-1520	369	1320
1611	-1490	335	1276
1616	-1494	258	1210
1621	-1457	249	1140
1626	-1525	329	1053
1631	-1389	90	1184
1636	-1415	-28	1101
1641	-1499	140	1034
1646	-1379	479	1121
1651	-1517	554	1378
1656	-1516	1247	1329
1661	-1461	683	1632
1666	-1276	628	1224
1671	-1239	655	993
1676	-1221	667	976
1681	-1306	941	1056
1686	-1278	751	1223
1691	-1219	901	765
1696	-1039	64	424
1701	-1194	2168	1239
1706	-1454	1619	1587
1711	-1593	1069	949
1716	-1178	1120	926
1721	-1295	1324	1072
1726	-1703	2126	1245
1731	-1271	1224	1022
1736	-1326	895	376
1741	-1303	684	364
1746	-918	-70	-121
1751	-2371	463	-260
1756	-905	1161	757
1761	-1073	1641	497
1766	-1052	1949	664
1771	-1077	1922	459
1776	-1101	2258	651
1781	-1239	2255	662
1786	-1316	2134	524
1791	-1300	2079	495
1796	-1262	1977	462
1801	-1250	1917	485
1806	-1061	1629	346
1811	-747	1694	630
1816	-931	1519	304
1821	-952	1652	305
1826	-1107	1595	618
1831	-419	1687	341
1836	-1079	1432	512
1841	-974	1395	560
1846	-958	1305	557
1851	-912	1334	494
1856	-868	1429	382
1861	-880	1591	321
1866	-1032	1883	276
1871	-776	2052	361
1876	-1084	2025	317
1881	-1118	1946	384
1886	-1175	1957	464
1891	-946	1852	459
1896	-1093	1967	463
1901	-1067	1827	389
1906	-1040	1745	339
1911	-992	1818	370
1916	-980	1884	344
1921	-965	1976	411
1926	-1012	1975	392
1931	-1028	1990	366
1936	-1092	2555	750
1941	-994	1749	335
1946	-1026	1836	246
1951	-1087	1814	288
1956	-1111	1800	198
1961	-996	1755	75
1966	-843	1810	-103
1971	-760	1705	-182
1976	-496	1660	-303
1981	-594	1536	-325
1986	-599	1760	-343
1991	-568	1867	-322
1996	-553	1807	-202
2001	-482	1675	-163
2006	-416	1257	-167
2011	-292	1160	-156
2016	-635	837	-355
2021	-378	729	-471
2026	-292	1536	336
2031	-398	1046	-75
2036	-744	959	442
2041	-588	844	485
2046	-38	874	233
2051	352	967	105
2056	522	960	196
2061	618	833	249
2066	644	829	216
2071	665	871	198
2076	753	968	220
2081	997	908	217
2086	1202	874	220
2091	1255	1045	542
2096	1150	667	374
2101	1263	695	-45
2106	1551	878	-485
2111	1766	1002	-758
2116	1984	1205	-1050
2121	2044	1329	-1211
2126	2538	1673	-1227
2131	2978	2650	-1226
2136	2715	3835	-1606
2141	2459	4910	-2219
2146	2009	5706	-2406
2151	2112	5629	-2218
2156	1999	5120	-1976
2161	2055	4948	-1765
2166	2118	4923	-2032
2171	2162	5261	-2614
2176	2267	5989	-3147
2181	2412	6797	-3814
2186	2560	7651	-4152
2191	2820	8103	-4097
2196	3026	8042	-3659
2201	3307	7918	-3360
2206	3594	8078	-3556
2211	4110	7669	-3763
2216	4604	6868	-3904
2221	4988	5774	-3574
2226	5602	4620	-2541
2231	5633	3097	-1159
2236	5143	1382	-355
2241	4837	180	103
2246	4456	-261	113
2251	4238	82	-83
2256	3497	-123	-150
2261	3500	-106	-156
2266	3485	-99	-169
2271	3472	-83	-166
2276	3475	-75	-185
2281	3473	-75	-166
2286	3477	-70	-157
2291	3477	-63	-166
2296	3473	-53	-159
2301	3473	-60	-167
2306	3478	-51	-165
2311	3489	-39	-161
2316	3481	-49	-166
2321	3473	-48	-173
2326	3478	-31	-157
2331	3483	-43	-159
2336	3489	-41	-152
2341	3489	-41	-163
2346	3490	-32	-161
2351	3487	-40	-148
2356	3497	-43	-150
2361	3500	-41	-148
2366	3492	-47	-145
2371	3483	-38	-125
2376	3489	-44	-145
2381	3491	-56	-135
2386	3493	-56	-131
2391	3489	-59	-133
2396	3486	-63	-136
2401	3482	-69	-113
2406	3480	-72	-110
2411	3463	-77	-131
2416	3456	-85	-103
2421	3448	-87	-101
2426	-10947	-7328	1271
2431	60	1308	-422
2436	-596	3796	384
2441	-1179	5334	371
2446	-581	5930	9
2451	56	5009	-782
2456	1288	3840	-1576
2461	813	3010	-3773
2466	-1474	2872	-4353
2471	-2357	293	-2081
2476	745	-1323	150
2481	-1910	-922	536
2486	-2183	-1226	879
2491	-1882	-1484	2057
2496	-1682	-1160	2563
2501	-1140	-704	2567
2506	-447	171	2077
2511	-58	1105	994
2516	47	1468	-37
2521	-56	1645	-852
2526	-43	1723	-1113
2531	-84	1315	-1033
2536	24	451	-761
2541	335	-86	-768
2546	715	-497	-643
2551	503	-755	-623
2556	385	-817	-494
2561	335	-829	-342
2566	784	-936	-180
2571	1506	-1053	65
2576	1933	-787	214
2581	1970	-99	363
2586	2180	441	229
2591	2859	771	-61
2596	3518	1168	-274
2601	4696	4113	93
2606	4915	6167	459
2611	4522	7836	-37
2616	3482	8594	-653
2621	2971	7866	-1541
2626	3266	7546	-1602
2631	3234	7640	-1082
2636	3203	7598	-612
2641	3014	7269	-569
2646	2882	6880	-755
2651	2799	6668	-1107
2656	2819	6862	-1494
2661	2931	7442	-1716
2666	3372	8305	-1597
2671	3916	8570	-1432
2676	4268	8111	-1409
2681	4405	7550	-1513
2686	4426	7196	-1687
2691	4877	6623	-1628
2696	5646	5882	-1393
2701	6213	4673	-1077
2706	6072	2959	-592
2711	4851	1293	-230
2716	3968	231	40
2721	3149	-214	-21
2726	3061	-144	-93
2731	2992	-110	-115
2736	2987	-93	-126
2741	2982	-97	-132
2746	2974	-85	-123
2751	2979	-88	-105
2756	2977	-91	-128
2761	2973	-89	-138
2766	2970	-91	-123
2771	2969	-74	-121
2776	2959	-85	-135
2781	2963	-84	-118
2786	2965	-92	-126
2791	2947	-90	-123
2796	2959	-91	-130
2801	2954	-90	-117
2806	2943	-90	-123
2811	2945	-97	-134
2816	2946	-95	-136
2821	2940	-85	-140
2826	2934	-83	-140
2831	2936	-83	-141
2836	2933	-77	-146
2841	2940	-78	-138
2846	2936	-72	-139
2851	2923	-84	-152
2856	2925	-74	-136
2861	2934	-75	-136
2866	2925	-66	-134
2871	2920	-70	-139
2876	2915	-74	-136
2881	2913	-63	-145
2886	2916	-61	-133
2891	2914	-65	-130
2896	2908	-63	-130
2901	2901	-69	-125
2906	2907	-63	-135
2911	2892	-53	-127
2916	2890	-64	-130
2921	2896	-73	-124
2926	2891	-78	-139
2931	-16194	-6842	-2042
2936	-1388	243	-16
2941	-1847	293	185
2946	-916	-122	193
2951	-1159	37	79
2956	-1239	-93	257
2961	-3605	168	358
2966	-7119	8077	-2015
2971	-1652	7939	-3635
2976	944	4492	718
2981	989	3893	1335
2986	-877	2807	-20
2991	-1264	487	-832
2996	-1509	-858	-358
3001	-1136	-1431	-64
3006	-947	-1247	-90
3011	-765	-354	414
3016	-510	736	838
3021	27	1631	853
3026	113	2394	77
3031	26	3032	-878
3036	151	2902	-1404
3041	258	2440	-1636
3046	342	1479	-1331
3051	345	687	-786
3056	310	223	-383
3061	133	71	-103
3066	96	-83	48
3071	76	-103	180
3076	81	-236	366
3081	211	-393	330
3086	667	-450	403
3091	1360	-396	475
3096	1871	-71	686
3101	2391	449	791
3106	2987	1370	-197
3111	3546	2022	-591
3116	3435	3137	-856
3121	2899	4311	-1722
3126	2764	6281	-2959
3131	3028	7381	-4108
3136	3188	6859	-5229
3141	1888	4835	-5379
3146	2049	3313	-4996
3151	2306	2886	-4454
3156	2163	2931	-3823
3161	2090	3585	-3494
3166	1985	4599	-3662
3171	1873	5672	-3767
3176	1962	6606	-3721
3181	2202	7381	-3548
3186	2588	7586	-3511
3191	2986	7608	-4031
3196	3498	7511	-4877
3201	4091	6602	-5742
3206	4473	5355	-6222
3211	4581	4280	-5906
3216	5138	3380	-4602
3221	5304	2371	-3151
3226	4783	1813	-1734
3231	4628	1011	-566
3236	3768	4	198
3241	4132	57	223
3246	3166	-282	501
3251	2537	-133	511
3256	2063	-110	-114
3261	2050	-101	-133
3266	2051	-103	-141
3271	2036	-93	-141
3276	2030	-87	-138
3281	2027	-73	-161
3286	2008	-65	-170
3291	2016	-57	-170
3296	2008	-50	-162
3301	2001	-40	-154
3306	1993	-38	-164
3311	1997	-29	-167
3316	1998	-19	-151
3321	1998	-5	-157
3326	2001	-6	-187
3331	1999	11	-164
3336	1993	16	-162
3341	2003	14	-162
3346	2007	19	-172
3351	2014	18	-157
3356	2018	24	-162
3361	2013	28	-148
3366	2029	27	-153
3371	2024	30	-145
3376	2031	29	-141
3381	2036	38	-141
3386	2041	33	-126
3391	2036	33	-125
3396	2056	33	-139
3401	2044	31	-121
3406	2042	29	-116
3411	2046	35	-101
3416	2047	28	-93
3421	2046	27	-94
3426	2042	30	-93
3431	2053	36	-91
3436	2037	32	-77
3441	3873	2898	9716
3446	406	9054	14335
3451	2181	-1993	4262
3456	945	-1781	1493
3461	122	-463	-116
3466	534	-836	629
3471	-94	-427	-458
3476	-164	-674	-273
3481	-910	85	715
3486	-613	110	929
3491	-222	52	1036
3496	-195	-291	1240
3501	-258	-840	1060
3506	-91	-1172	526
3511	71	-1108	29
3516	148	-1149	100
3521	209	-1435	844
3526	271	-1747	1700
3531	444	-1738	2197
3536	727	-1376	2411
3541	520	-800	2092
3546	663	-98	1453
3551	769	345	758
3556	841	540	198
3561	936	496	-292
3566	1143	90	-484
3571	1295	-411	-333
3576	1469	-681	213
3581	1785	-1037	1005
3586	1760	-1466	1351
3591	1401	-3107	2395
3596	1535	-3675	1554
3601	1753	-4272	1454
3606	2071	-4059	1261
3611	2605	-4396	936
3616	3008	-4662	552
3621	1755	-4880	731
3626	1456	-5075	1094
3631	1285	-5129	1396
3636	1258	-5372	1454
3641	1264	-5767	1184
3646	1351	-6056	919
3651	1512	-6281	794
3656	1796	-6716	880
3661	2073	-7400	1268
3666	2214	-8130	1697
3671	2407	-8583	1643
3676	2848	-8792	1267
3681	3260	-7722	747
3686	3516	-6601	391
3691	3595	-5880	704
3696	3654	-5411	1328
3701	3859	-4675	2071
3706	3834	-4002	2362
3711	3987	-2902	2016
3716	4032	-1640	1213
3721	3725	-680	694
3726	3412	-271	274
3731	3046	92	-167
3736	2973	25	-198
3741	2969	-29	-165
3746	2935	-43	-45
3751	2888	-85	-107
3756	2902	-89	-146
3761	2914	-82	-95
3766	2930	-67	-59
3771	2926	-51	-118
3776	2920	-51	-130
3781	2921	-44	-134
3786	2919	-49	-112
3791	2917	-44	-144
3796	2917	-50	-119
3801	2919	-34	-134
3806	2904	-20	-121
3811	2903	-31	-139
3816	2904	-23	-127
3821	2895	-21	-126
3826	2887	-28	-137
3831	2896	-27	-132
3836	2888	-23	-127
3841	2881	-20	-143
3846	2881	-19	-136
3851	2876	-27	-155
3856	2865	-22	-139
3861	2860	-20	-148
3866	2852	-31	-152
3871	2855	-28	-139
3876	2847	-31	-148
3881	2838	-35	-156
3886	2835	-43	-149
3891	2818	-43	-174
3896	2815	-44	-157
3901	2816	-40	-160
3906	2815	-46	-155
3911	2800	-49	-167
3916	-12194	-32768	9796
3921	-2451	-1486	-747
3926	-1024	-805	1026
3931	1274	-276	295
3936	-739	980	-1051
3941	-2738	-1754	-2371
3946	-2327	576	-943
3951	-3235	1444	2037
3956	-850	-760	2429
3961	-1252	-1268	-367
3966	-406	-112	-1316
3971	-1032	-65	-2619
3976	-1133	31	-2709
3981	-1138	-28	-2431
3986	-1164	-294	-2170
3991	-1028	-236	-1763
3996	-893	-61	-1035
4001	-927	174	-856
4006	-921	290	-834
4011	-877	438	-746
4016	-472	597	-713
4021	-113	418	-609
4026	-374	405	-1046
4031	-289	344	-1259
4036	373	416	-1363
4041	-94	691	-1458
4046	-4	438	-1950
4051	761	-458	-2091
4056	1154	-2169	-1156
4061	966	-2871	90
4066	-46	-3276	579
4071	242	-1082	684
4076	355	714	44
4081	400	1125	-467
4086	543	810	-930
4091	696	-518	-1354
4096	909	-1732	-2208
4101	2451	-1837	-2333
4106	2221	-1997	-2038
4111	1482	-1737	-1735
4116	1721	-1348	-2130
4121	1866	-1906	-2414
4126	2491	-3212	-1932
4131	2864	-3582	-1088
4136	2759	-5141	-1577
4141	2180	-8081	-841
4146	1353	-7166	55
4151	1468	-5643	961
4156	1733	-4121	1400
4161	1637	-3425	1815
4166	1549	-3169	1661
4171	1467	-3127	1571
4176	1145	-3336	1510
4181	920	-4360	1564
4186	1225	-5829	1799
4191	1410	-6486	1894
4196	1642	-6787	1844
4201	2078	-7212	1858
4206	2213	-6774	1811
4211	2316	-6742	2036
4216	2810	-6885	2994
4221	3269	-6814	3708
4226	3110	-6656	4066
4231	3599	-6152	3977
4236	3886	-5222	3063
4241	4317	-4366	2182
4246	4437	-3691	1505
4251	4548	-3185	1057
4256	4821	-2524	670
4261	5149	-2099	590
4266	4454	-1419	303
4271	3487	-187	-358
4276	2949	-6	-304
4281	3218	-47	-104
4286	2764	-28	-86
4291	2772	-35	-197
4296	2745	-121	163
4301	2738	-112	-36
4306	2818	-75	-102
4311	2778	-80	-121
4316	2809	-72	-109
4321	2808	-70	-95
4326	2818	-59	-98
4331	2822	-49	-104
4336	2814	-53	-92
4341	2816	-40	-109
4346	2813	-34	-102
4351	2818	-27	-88
4356	2813	-34	-106
4361	2817	-18	-115
4366	2816	-16	-101
4371	2802	-18	-116
4376	2798	-11	-110
4381	2793	-9	-107
4386	2784	-1	-111
4391	2780	0	-104
4396	2777	0	-121
4401	2772	-7	-117
4406	2763	4	-109
4411	2756	4	-121
4416	2741	12	-123
4421	2742	16	-126
4426	2730	22	-131
4431	2711	18	-126
4436	2703	31	-138
4441	2689	26	-136
4446	2688	24	-135
4451	2680	39	-148
4456	2652	41	-148
4461	2647	39	-134
4466	-15388	6266	8866
4471	935	10	-362
4476	-154	237	-4886
4481	658	1491	-3121
4486	140	1333	-4868
4491	134	-134	-6775
4496	-2357	-6125	-11830
4501	1590	-2313	-7837
4506	1311	-234	-4862
4511	-364	2781	-2698
4516	-965	4176	-1073
4521	-863	3250	226
4526	-1442	2544	1099
4531	-1412	1600	1392
4536	-1328	1095	1461
4541	-1009	864	1319
4546	-453	851	1395
4551	-28	1116	858
4556	125	805	-424
4561	85	451	-1407
4566	-8	408	-1978
4571	-14	675	-2123
4576	177	987	-1613
4581	242	679	-824
4586	262	126	-294
4591	380	-244	-32
4596	565	-671	-141
4601	954	-874	-462
4606	747	-957	-884
4611	361	-620	-996
4616	473	-137	-241
4621	890	12	-127
4626	1182	-152	46
4631	1366	-260	91
4636	1741	-175	-218
4641	2162	-2	-775
4646	2616	190	-1262
4651	2476	549	-1327
4656	2543	3426	-1603
4661	3526	6458	-701
4666	5022	9566	454
4671	2939	9019	714
4676	2368	7219	-222
4681	2941	6404	-1136
4686	2813	6111	-2361
4691	2368	6207	-2964
4696	2146	6536	-3031
4701	2007	6620	-2363
4706	2099	6503	-1520
4711	2116	6425	-1161
4716	2045	6686	-1334
4721	1984	7080	-1797
4726	2170	7586	-2143
4731	2443	8228	-2245
4736	2852	8498	-2139
4741	3245	8186	-1823
4746	3721	7101	-1410
4751	4145	5442	-1194
4756	4258	3866	-1267
4761	4289	2698	-1233
4766	4116	1692	-1067
4771	3394	714	-813
4776	3446	309	-451
4781	2236	-182	-126
4786	2060	-92	-142
4791	2064	-92	-139
4796	2061	-82	-140
4801	2050	-71	-157
4806	2040	-55	-153
4811	2043	-56	-161
4816	2044	-45	-173
4821	2045	-32	-153
4826	2031	-44	-149
4831	2036	-37	-165
4836	2037	-28	-159
4841	2029	-34	-161
4846	2032	-27	-163
4851	2033	-22	-159
4856	2031	-19	-157
4861	2035	-13	-157
4866	2039	-22	-164
4871	2043	-11	-152
4876	2038	-11	-161
4881	2055	-14	-168
4886	2042	-11	-150
4891	2048	-8	-153
4896	2045	1	-147
4901	2051	-5	-170
4906	2052	-6	-159
4911	2053	-3	-157
4916	2056	-5	-156
4921	2047	-15	-149
4926	2052	-23	-149
4931	2064	-14	-155
4936	2052	-4	-161
4941	2055	-12	-138
4946	2065	-14	-129
4951	2062	-15	-125
4956	2064	-9	-125
4961	2063	-11	-133
4966	2064	-19	-125
4971	2057	-19	-115
4976	2051	-24	-121
4981	7423	11476	3750
4986	2833	2055	277
4991	766	140	358
4996	793	824	710
5001	1874	1282	129
5006	2176	1564	878
5011	493	1201	756
5016	536	1899	238
5021	357	2144	33
5026	579	1585	320
5031	689	866	810
5036	611	399	997
5041	368	107	1028
5046	336	-224	1441
5051	283	-475	1806
5056	253	-602	1692
5061	252	-583	1378
5066	148	-494	1315
5071	655	-379	1655
5076	1023	50	2365
5081	850	823	3224
5086	1216	1464	4132
5094	1756	1286	4337
5096	1693	1223	4229
5101	1591	1059	3627
5106	1471	1090	3060
5111	1258	1215	2596
5116	1072	1324	2095
5121	1003	1287	1641
5126	1580	1360	1021
5131	1461	1314	535
5136	835	1063	80
5141	431	796	-318
5146	84	396	-727
5151	262	163	-998
5156	842	116	-1248
5161	1014	310	-1550
5166	727	505	-1371
5171	777	590	-1008
5176	1790	692	218
5181	2154	1117	2614
5186	1762	2178	5412
5191	2450	3094	7854
5196	2643	3981	9015
5201	1713	4519	8683
5206	1970	4206	7476
5211	2149	3853	6318
5216	1975	3398	5579
5221	1968	2733	5307
5226	2170	2694	5567
5231	2347	3417	6372
5236	2669	4887	7677
5241	3234	5884	8356
5246	4008	6047	8247
5251	4950	5330	7748
5256	5809	4133	6693
5261	6025	2833	5162
5266	6226	1802	3410
5271	5624	1108	1529
5276	5000	588	553
5281	3685	122	-308
5286	3334	-80	-121
5291	3331	88	-191
5296	3330	48	-145
5301	3314	71	-101
5306	3318	60	-101
5311	3314	53	-108
5316	3304	60	-74
5321	3309	48	-78
5326	3300	52	-70
5331	3302	44	-60
5336	3297	40	-59
5341	3282	32	-66
5346	3288	33	-49
5351	3277	37	-67
5356	3273	30	-68
5361	3257	27	-51
5366	3243	25	-53
5371	3232	21	-37
5376	3227	9	-43
5381	3217	-2	-33
5386	3214	-6	-31
5391	3208	-19	-37
5396	3196	-17	-35
5401	3185	-35	-33
5406	3198	-44	-17
5411	3192	-53	-23
5416	3196	-72	-24
5421	3192	-74	-10
5426	3208	-90	-4
5431	3201	-101	-30
5436	3215	-114	-24
5441	3226	-117	-40
5446	3234	-123	-50
5451	3244	-120	-57
5456	3259	-126	-56
5461	3264	-122	-66
5466	3275	-114	-89
5471	3273	-111	-84
5476	3287	-104	-89
5481	-22214	9556	4000
5486	-8082	4194	3556
5491	-711	-147	-193
5496	329	-172	-355
5501	213	-144	-89
5506	246	-134	133
5511	-976	-2365	43
5516	-254	-483	-742
5521	-2990	481	-1256
5526	-4058	4455	-726
5531	-5947	4279	-79
5536	-1837	3422	-419
5541	1001	2418	-452
5546	-9	2353	-496
5551	-1469	3256	-963
5556	-1320	3531	-1185
5561	-1172	2900	-1135
5566	-1444	1627	-1015
5571	-2035	310	-456
5576	-2171	-600	459
5581	-1925	-950	1208
5586	-1580	-935	1577
5591	-1588	-767	1516
5596	-1309	-428	1191
5601	-1007	18	878
5606	-839	446	666
5611	-906	605	673
5616	-896	289	710
5621	-644	-238	453
5626	-310	-649	260
5631	84	-934	198
5636	283	-1185	139
5641	273	-1222	91
5646	542	-1015	-1
5651	971	-720	-84
5656	1036	-337	-317
5661	1074	-424	-553
5666	1314	-491	-654
5671	1770	-405	-720
5676	2319	-145	-806
5681	2353	128	-897
5686	2518	432	-1109
5691	2471	648	-1507
5696	2102	771	-1684
5701	2413	977	-1144
5706	3133	1509	-366
5711	4628	3040	-82
5716	5408	5435	-208
5721	5983	7990	-448
5726	3978	11013	-1319
5731	3191	10650	-2058
5736	3646	9353	-1985
5741	3258	8810	-1344
5746	3098	8785	-107
5751	3037	8952	831
5756	3492	8707	1026
5761	3023	8234	506
5766	2660	7642	-117
5771	2541	6828	-476
5776	2559	5813	-595
5781	2658	5383	-655
5786	2789	5984	-699
5791	3143	6922	-670
5796	3652	7227	-801
5801	4170	6701	-937
5806	4421	5651	-887
5811	4390	4138	-614
5816	3881	2565	-371
5821	3677	1178	-205
5826	3548	210	-48
5831	3380	28	-173
5836	2934	-87	-140
5841	2910	-84	-147
5846	2911	-85	-147
5851	2909	-79	-160
5856	2910	-77	-135
5861	2907	-69	-150
5866	2906	-72	-155
5871	2908	-62	-138
5876	2908	-71	-175
5881	2898	-65	-149
5886	2907	-76	-143
5891	2900	-76	-164
5896	2891	-69	-151
5901	2887	-70	-140
5906	2900	-70	-138
5911	2895	-66	-153
5916	2899	-75	-167
5921	2887	-70	-144
5926	2892	-69	-137
5931	2895	-76	-138
5936	2892	-68	-147
5941	2890	-65	-151
5946	2886	-72	-152
5951	2884	-64	-140
5956	2893	-67	-142
5961	2896	-69	-138
5966	2892	-79	-136
5971	2886	-66	-125
5976	2885	-62	-129
5981	2876	-69	-141
5986	2877	-64	-121
5991	2877	-61	-108
5996	2873	-62	-127
6001	2877	-66	-132
6006	2856	-70	-123
6011	2861	-65	-143
6016	2854	-63	-127
6021	2843	-64	-114
6026	2832	-76	-117
6031	-5883	-4827	1620
6036	419	3101	-839
6041	567	1500	96
6046	-249	4629	-461
6051	-47	4614	-692
6056	875	5133	-1570
6061	2828	4962	-6368
6066	3730	6525	-10381
6071	2466	5814	-8622
6076	3629	4434	-1914
6081	3367	3075	3604
6086	1788	-755	5638
6091	-200	-2665	4846
6096	-1432	-3160	3385
6101	-1263	-2729	2448
6106	-606	-1393	1956
6111	-496	107	1735
6116	-84	1206	1341
6121	-195	1805	1277
6126	-314	1639	1125
6131	-312	1021	911
6136	28	908	592
6141	221	1167	270
6146	510	870	-191
6151	525	457	-540
6156	671	-28	-604
6161	703	-244	-522
6166	697	-209	-554
6171	648	-312	-600
6176	920	-463	-610
6181	1381	-758	-604
6186	1730	-936	-478
6191	2115	-675	-351
6196	2454	-55	-212
6201	2679	929	-176
6206	3257	2419	374
6211	3877	4130	1344
6216	3523	4305	1442
6221	2839	3776	641
6226	2625	3808	66
6231	3042	4668	-94
6236	2974	5266	-535
6241	2688	5426	-935
6246	2706	5374	-1121
6251	2892	4910	-1036
6256	3005	4612	-920
6261	2963	4674	-907
6266	2851	5140	-893
6271	2685	5770	-684
6276	2552	6207	-478
6281	2785	6665	-173
6286	2942	6932	108
6291	3096	6815	267
6296	3300	6512	168
6301	3450	6226	-98
6306	3576	6207	-478
6311	3935	6570	-1037
6316	4296	6979	-1434
6321	4506	6542	-1633
6326	4960	5584	-1495
6331	5309	4603	-1215
6336	5520	3640	-779
6341	5203	2596	-415
6346	4619	1688	-279
6351	4348	994	-215
6356	4143	389	-270
6361	3456	-224	-167
6366	3113	-230	-82
6371	2923	-108	-66
6376	2774	-90	-79
6381	2769	-93	-83
6386	2752	-90	-101
6391	2762	-95	-84
6396	2760	-94	-102
6401	2754	-87	-103
6406	2763	-86	-107
6411	2747	-87	-109
6416	2762	-85	-115
6421	2746	-86	-110
6426	2747	-100	-89
6431	2743	-87	-110
6436	2747	-92	-106
6441	2733	-99	-109
6446	2740	-92	-121
6451	2729	-101	-114
6456	2724	-98	-118
6461	2729	-92	-123
6466	2725	-98	-104
6471	2725	-103	-120
6476	2707	-96	-112
6481	2708	-95	-133
6486	2702	-87	-140
6491	2704	-81	-135
6496	2704	-81	-144
6501	2705	-80	-140
6506	2703	-67	-135
6511	2696	-64	-146
6516	2692	-63	-144
6521	2686	-51	-147
6526	2685	-50	-155
6531	2679	-45	-148
6536	2686	-39	-150
6541	3427	5976	-77
6546	-3952	16295	1531
6551	34	1487	376
6556	248	1343	-340
6561	98	859	-141
6566	338	588	59
6571	881	913	-848
6576	643	1260	-1537
6581	-276	1095	-1208
6586	-755	840	-1011
6591	518	684	-344
6596	746	1346	453
6601	998	2244	1032
6606	365	2626	1475
6611	278	2247	1541
6616	314	1583	1590
6621	264	1049	1481
6626	-67	540	1488
6631	460	169	1672
6636	839	-92	1428
6641	456	-198	1108
6646	39	-120	947
6651	40	71	561
6656	526	350	119
6661	1252	960	421
6666	672	1088	678
6671	1025	1038	617
6676	1584	1109	410
6681	1315	1319	398
6686	1327	1666	441
6691	1519	1935	432
6696	1401	2437	471
6701	1421	2943	475
6706	1249	3105	251
6711	985	2318	34
6716	1129	1399	21
6721	1343	588	-105
6726	1463	247	-214
6731	1856	543	-234
6736	2276	1547	208
6741	2417	2919	371
6746	2448	4149	199
6751	2519	4845	-176
6756	2646	5388	-551
6761	2598	5839	-831
6766	2792	6729	-892
6771	2811	8051	-731
6776	3040	8547	-328
6781	3193	8102	18
6786	3290	7328	373
6791	3534	6520	743
6796	3404	6268	1065
6801	3350	6461	1190
6806	3541	7151	955
6811	3853	7880	518
6816	4266	7916	61
6821	4627	7335	-241
6826	5047	6185	-406
6831	5765	4934	-416
6836	5558	3288	-289
6841	5445	1849	-165
6846	5465	298	0
6851	3328	-303	182
6856	2770	-88	-158
6861	2739	-82	-142
6866	2741	-72	-150
6871	2740	-68	-134
6876	2730	-73	-125
6881	2737	-63	-116
6886	2730	-63	-138
6891	2722	-63	-123
6896	2727	-64	-123
6901	2726	-75	-123
6906	2727	-73	-130
6911	2730	-69	-129
6916	2721	-75	-131
6921	2720	-70	-122
6926	2715	-68	-125
6931	2725	-73	-114
6936	2719	-79	-126
6941	2713	-69	-128
6946	2723	-79	-119
6951	2710	-81	-127
6956	2711	-79	-114
6961	2711	-76	-111
6966	2720	-80	-118
6971	2709	-80	-118
6976	2705	-78	-122
6981	2715	-77	-109
6986	2705	-77	-101
6991	2691	-77	-113
6996	2696	-76	-110
7001	2697	-75	-128
7006	2682	-78	-114
7011	2692	-72	-118
7016	2692	-75	-120
7021	2687	-72	-105
7026	2687	-65	-124
7031	2672	-67	-121
7036	2669	-77	-120
7041	2662	-68	-126
7046	2656	-76	-129
7051	2644	-70	-144
7056	-15855	14488	-6099
7061	592	1408	-394
7066	-848	4512	-1605
7071	-8	2543	-827
7076	-1784	1501	196
7081	-2080	2537	-852
7086	-3037	378	-11276
7091	-2160	-6133	-9377
7096	996	-517	-3925
7101	1751	1996	-1116
7106	59	4312	2814
7111	-1798	2857	1973
7116	-2107	1404	1417
7121	-1811	752	536
7126	-1940	801	53
7131	-1808	1442	-68
7136	-1819	2214	-189
7141	-1359	2265	-295
7146	-1110	1898	-307
7151	-890	1427	-258
7156	-656	826	-171
7161	-419	362	-115
7166	-198	137	-305
7171	-48	154	-539
7176	152	337	-893
7181	358	420	-1198
7186	396	494	-1425
7191	303	501	-1441
7196	145	343	-1327
7201	285	303	-1466
7206	605	551	-1728
7211	868	904	-2153
7216	986	1154	-2331
7221	857	1264	-1967
7226	901	1179	-1536
7231	1175	966	-1329
7236	1422	878	-1279
7241	1562	959	-1205
7246	1532	1085	-1122
7251	1259	1171	-1017
7256	960	1241	-841
7261	711	1305	-373
7266	1250	1449	-51
7271	1645	1509	352
7276	2164	2014	243
7281	2379	3309	-387
7286	2575	4872	-1847
7291	2123	5561	-3002
7296	1712	6137	-3687
7301	1435	6615	-3393
7306	1549	6882	-2273
7311	1794	7290	-1132
7316	1898	7682	-999
7321	2135	7850	-1897
7326	2418	8291	-3371
7331	2505	8233	-4294
7336	2490	7321	-4448
7341	2500	6443	-3477
7346	2556	6220	-2160
7351	2499	6830	-1508
7356	2873	7828	-1362
7361	4047	7965	-1627
7366	4980	6887	-2055
7371	5077	5121	-2079
7376	4917	3658	-1433
7381	4285	2350	-1059
7386	4047	1127	-627
7391	3874	-114	-209
7396	3854	-112	-172
7401	3853	-103	-178
7406	3839	-67	-167
7411	3851	-57	-176
7416	3846	-54	-180
7421	3854	-41	-182
7426	3855	-20	-177
7431	3861	-21	-171
7436	3865	-15	-176
7441	3861	-12	-174
7446	3861	-9	-151
7451	3861	-7	-159
7456	3862	-19	-172
7461	3871	-10	-172
7466	3869	-7	-157
7471	3861	-12	-158
7476	3882	-6	-145
7481	3889	-31	-169
7486	3879	-22	-151
7491	3879	-18	-151
7496	3894	-29	-152
7501	3886	-34	-129
7506	3892	-28	-136
7511	3891	-45	-139
7516	3881	-54	-120
7521	3882	-60	-121
7526	3878	-73	-131
7531	3879	-81	-122
7536	3867	-89	-117
7541	3859	-96	-96
7546	3855	-102	-99
7551	3842	-107	-103
7556	3829	-112	-104
7561	3826	-122	-102
7566	3801	-121	-81
7571	-22220	-10256	1450
7576	-4500	-408	553
7581	-2819	-4546	-4504
7586	-1387	-2828	-1949
7591	1687	-3065	-1885
7596	2139	-1031	-2458
7601	948	-1226	-1132
7606	-1629	619	-827
7611	-3130	11429	-4130
7616	-135	4671	656
7621	518	4217	4275
7626	-2874	3457	5149
7631	-3017	155	3295
7636	-3038	-1243	1929
7641	-2795	-968	937
7646	-2148	1	-25
7651	-1816	1623	-469
7656	-1471	2987	-334
7661	-920	3385	-583
7666	-1132	2829	-1139
7671	-964	2377	-1931
7676	-872	1887	-2705
7681	-743	1594	-2906
7686	-374	1376	-2493
7691	-254	1260	-1752
7696	222	1410	-1285
7701	-20	1297	-128
7706	-232	1069	627
7711	-577	798	1399
7716	-589	735	1728
7721	-990	1537	1679
7726	-1074	2350	1507
7731	-902	2854	1149
7736	-798	3185	752
7741	-843	2966	514
7746	-988	2206	485
7751	-1047	1297	521
7756	-1144	798	619
7761	-1243	857	969
7766	-1132	782	1385
7771	-1470	1001	1604
7776	-1556	1569	2015
7781	-1390	2279	2335
7786	-1195	3267	2284
7791	-919	3713	1643
7796	-919	3128	762
7801	-976	2441	443
7806	-920	1915	538
7811	-963	1523	756
7816	-1052	1410	926
7821	-1013	1542	848
7826	-927	1716	663
7831	-834	1829	506
7836	-797	1702	493
7841	-679	1818	1145
7846	-741	1360	1016
7851	-494	1190	892
7856	-597	641	2327
7861	-869	676	1709
7866	-1073	1195	436
7871	-994	1406	160
7876	-1023	1576	287
7881	-1176	1863	478
7886	-1227	1885	529
7891	-1177	1944	465
7896	-1378	1873	521
7901	-1465	1537	684
7906	-1467	1337	545
7911	-1387	1261	-39
7916	-1217	1344	24
7921	-1066	1408	1
7926	-951	1249	126
7931	-819	1726	970
7936	-848	1447	1302
7941	-923	1337	1257
7946	-1080	1447	1492
7951	-1288	1561	1738
7956	-819	-2442	2830
7961	-621	1943	466
7966	-1309	703	933
7971	-1147	1112	826
7976	-989	1142	955
7981	-863	1258	1018
7986	-687	1557	964
7991	-657	1572	1076
7996	-772	1525	1191
8001	-933	1567	1435
8006	-1071	1480	1830
8011	-1088	1301	2038
8016	-1030	1490	2104
8021	-831	1555	1884
8026	-702	1420	1693
8031	-685	1295	1542
8036	-711	1234	1521
8041	-725	1223	1571
8046	-703	1140	1565
8051	-758	1111	1645
8056	-710	1110	1733
8061	-643	1205	1918
8066	-677	1119	2005
8071	-720	1004	1987
8076	-715	1007	1887
8081	-700	997	1773
8086	-665	909	1574
8091	-632	863	1527
8096	-635	814	1571
8101	-675	854	1636
8106	-666	919	1749
8111	-710	938	1829
8116	-738	888	1789
8121	-736	861	1746
8126	-718	778	1706
8131	-662	826	1470
8136	-649	830	1289
8141	-626	817	1286
8146	-652	799	1349
8151	-720	791	1482
8156	-762	766	1645
8161	-788	802	1837
8166	-845	781	1929
8171	-847	806	1876
8176	-758	857	1819
8181	-775	868	1660
8186	-828	850	1574
8191	-877	784	1639
8196	-947	725	1734
8201	-974	665	1862
8206	-1001	615	1850
8211	-930	589	1743
8216	-745	575	1830
8221	-749	641	1576
8226	-693	664	1584
8231	-660	676	1615
8236	-674	692	1468
8241	-761	585	1616
8246	7185	-2592	1161
8251	-747	-1225	2204
8256	-1909	-1557	848
8261	783	1140	1629
8266	525	-564	1625
8271	355	-1100	1485
8276	340	-553	2071
8281	-99	152	2256
8286	-567	840	2425
8291	-982	1181	2592
8296	-1334	1373	2514
8301	-1641	1534	2391
8306	-1866	1575	2270
8311	-2016	1488	2055
8316	-2120	1571	1801
8321	-2102	1790	1492
8326	-2085	1916	1180
8331	-2063	1941	905
8336	-2022	1905	832
8341	-1908	1984	911
8346	-1886	1769	1141
8351	-1838	1399	1406
8356	-1641	911	1395
8361	-1618	477	1556
8366	-1556	127	1645
8371	-1337	-21	1629
8376	-1144	-1	1372
8381	-1045	171	1040
8386	-973	607	859
8391	-910	924	319
8396	-876	912	-341
8401	-1044	745	-771
8406	-1256	578	-571
8411	-1422	719	-165
8416	-1600	1127	90
8421	-1769	1607	1053
8426	-1854	1700	2078
8431	-1897	1135	2460
8436	-1823	543	2600
8441	-1673	-1	2457
8446	-1449	-250	2124
8451	-1435	55	1853
8456	-1350	338	1787
8461	-1432	883	1553
8466	-1168	1038	1198
8471	-1066	999	623
8476	-1630	682	225
8481	-1852	536	-31
8486	-1548	262	-184
8491	-1336	17	-238
8496	-1330	-148	-510
8501	-1160	-119	-787
8506	-1305	363	-1181
8511	-1457	978	-1382
8516	-1821	1387	-1243
8521	-985	336	-2305
8526	-444	-171	-2842
8531	-828	-285	-2342
8536	-467	308	-2101
8541	-1240	1024	-2010
8546	-1479	1104	-1912
8551	-1082	1025	-1112
8556	-920	1274	-1178
8561	-940	1567	-1465
8566	-1041	1499	-1670
8571	-1292	1560	-1753
8576	-1667	1554	-1837
8581	-1372	1459	-1596
8586	-1255	966	-1659
8591	-1189	152	-1113
8596	-1109	41	-1239
8601	-1046	-39	-1546
8606	-996	43	-1949
8611	-946	213	-2324
8616	-544	243	-2163
8621	-945	319	-2315
8626	-920	405	-2151
8631	-1554	201	-2743
8636	-1675	569	-2170
8641	-1407	1022	-1909
8646	-1250	830	-1997
8651	-1291	714	-1946
8656	-1222	621	-1740
8661	-1312	646	-1744
8666	-1101	557	-1353
8671	-1080	470	-1200
8676	-1431	648	-1090
8681	-1066	1057	-662
8686	-1039	814	-917
8691	-999	729	-993
8696	-1240	703	-1468
8701	-1555	426	-1902
8706	-1500	364	-2104
8711	-1346	454	-2083
8716	-1214	373	-1953
8721	-1205	193	-1700
8726	-1382	334	-1916
8731	-1403	958	-2550
8736	-1153	854	-2402
8741	-1055	359	-1586
8746	-1107	408	-1436
8751	-1222	415	-1271
8756	-1336	374	-1298
8761	-1402	281	-1553
8766	-1516	156	-1912
8771	-1692	27	-1908
8776	-1750	-28	-1745
8781	-1770	-32	-1609
8786	-1783	-56	-1528
8791	-1658	-131	-1449
8796	-1534	-236	-1290
8801	-1513	-372	-1090
8806	-1485	-268	-1113
8811	-1409	-141	-1284
8816	-1402	-106	-1450
8821	-1396	-70	-1647
8826	-1412	-25	-1840
8831	-1414	18	-1894
8836	-1395	-133	-1726
8841	-1401	-114	-1613
8846	-1458	-163	-1489
8851	-1492	-92	-1471
8856	-1642	183	-1419
8861	-1620	104	-1596
8866	-1609	-177	-1572
8871	-1579	-401	-1525
8876	-1610	-530	-1516
8881	-1582	-593	-1425
8886	-1507	-610	-1190
8891	-1450	-510	-976
8896	-1548	-405	-884
8901	-1619	-331	-951
8906	-1613	-308	-1020
8911	-1678	-377	-1105
8916	-1836	-505	-1271
8921	-1912	-659	-1365
8926	-1847	-699	-1369
8931	-1774	-698	-1252
8936	-1719	-629	-1105
8941	-1715	-568	-953
8946	-1670	-427	-804
8951	-1730	-362	-824
8956	-1714	-413	-951
8961	-1714	-621	-1099
8966	-1783	-954	-1220
8971	-1882	-1075	-1239
8976	-1887	-994	-1051
8981	-1853	-824	-465
8986	-1843	-662	-319
8991	-1687	-532	-497
8996	-1687	-391	-427
9001	-1648	-438	-524
9006	-1679	-584	-577
9011	-1681	-820	-607
9016	-1700	-1084	-537
9021	-1681	-1133	-419
9026	-1671	-1065	-423
9031	-1764	-876	-544
9036	-1831	-694	-700
9041	-1873	-702	-715
9046	-1769	-806	-696
9051	-1601	-881	-656
9056	-1463	-965	-713
9061	-1600	-932	-635
9066	-1751	-931	-497
9071	-1742	-1233	-403
9076	-1832	-1683	-49
9081	-1874	-1757	94
9086	-1723	-1403	12
9091	-1617	-1154	-23
9096	-1674	-1146	87
9101	-1710	-1286	96
9106	-1865	-1347	125
9111	-1639	-1452	130
9116	-1483	-1432	-107
9121	-1478	-1423	-281
9126	-1659	-1290	-236
9131	-1678	-1400	72
9136	-1647	-1324	104
9141	-1587	-1315	126
9146	-1586	-1371	381
9151	-1580	-1427	514
9156	-1540	-1279	571
9161	-1499	-1118	686
9166	-1533	-900	607
9171	-1516	-898	633
9176	-1490	-1012	594
9181	-1573	-1072	621
9186	-1682	-1149	563
9191	-1685	-1157	428
9196	-1357	-1123	633
9201	-1512	-1238	620
9206	-1604	-1100	483
9211	-1700	-880	374
9216	-1605	-854	356
9221	-1520	-913	373
9226	-1593	-1112	485
9231	-1585	-1225	500
9236	-1492	-1267	675
9241	-1395	-1079	674
9246	-1351	-1055	437
9251	-1479	-1201	509
9256	-1513	-1210	573
9261	-1595	-1041	415
9266	-1710	-1069	210
9271	-1722	-1260	293
9276	-1586	-1317	177
9281	-1816	-1200	615
9286	-1654	-1362	792
9291	-1550	-1186	781
9296	-1502	-1069	652
9301	-1500	-985	681
9306	-1483	-986	729
9311	-1537	-966	730
9316	-1532	-984	720
9321	-1572	-1045	721
9326	-1603	-1015	570
9331	-1679	-1020	579
9336	-1616	-1071	672
9341	-1553	-1103	721
9346	-1527	-1152	804
9351	-1518	-982	811
9356	-1490	-824	906
9361	-1519	-921	861
9366	-1478	-1001	830
9371	-1463	-967	842
9376	-1480	-969	743
9381	-1568	-1103	613
9386	-1567	-1223	608
9391	-1498	-1224	709
9396	-1504	-1263	682
9401	-1486	-1269	868
9406	-1498	-1211	758
9411	-1461	-1205	861
9416	-1474	-1020	859
9421	-1556	-968	787
9426	-1505	-1055	805
9431	-1436	-1063	834
9436	-1499	-1084	879
9441	-1465	-1068	904
9446	-1403	-963	920
9451	-1395	-930	968
9456	-1376	-866	984
9461	-1422	-912	993
9466	-1442	-869	954
9471	-1413	-909	967
9476	-1369	-861	878
9481	-1344	-872	950
9486	-1327	-925	995
9491	-1371	-900	875
9496	-1424	-928	922
9501	-1392	-917	932
9506	-1445	-845	871
9511	-1449	-882	904
9516	-1432	-925	919
9521	-1461	-945	936
9526	-1478	-970	942
9531	-1473	-989	908
9536	-1527	-1008	880
9541	-1474	-989	881
9546	-1447	-1002	930
9551	-1476	-978	911
9556	-1524	-1034	792
9561	-1536	-984	799
9566	-1515	-1006	804
9571	-1500	-1026	863
9576	-1527	-1036	901
9581	-1494	-1060	919
9586	-1472	-1010	958
9591	-1450	-967	978
9596	-1455	-958	980
9601	-1434	-967	950
9606	-1414	-901	932
9611	-1500	-934	931
9616	-1487	-971	895
9621	-1446	-974	893
9626	-1475	-973	926
9631	-1461	-946	926
9636	-1452	-937	930
9641	-1460	-945	943
9646	-1463	-951	938
9651	-1474	-963	907
9656	-1480	-995	863
9661	-1469	-990	862
9666	-1475	-996	855
9671	-1570	-957	834
9676	-1548	-1036	832
9681	-1522	-1054	842
9686	-1496	-1013	844
9691	-1469	-1024	836
9696	-1386	-1021	997
9701	-1419	-1018	896
9706	-1441	-964	935
9711	-1426	-919	903
9716	-1322	-1023	1189
9721	-1451	-1004	892
9726	-1441	-1018	890
9731	-1473	-1010	868
9736	-1476	-958	280
9741	-1568	-968	644
9746	-1435	-976	908
9751	-1471	-929	890
9756	-1489	-953	903
9761	-1505	-992	865
9766	-1514	-1029	833
9771	-1488	-1040	845
9776	-1479	-1040	904
9781	-1486	-996	915
9786	-1457	-955	934
9791	-1486	-950	914
9796	-1522	-981	833
9801	-1486	-995	861
9806	-1468	-1003	926
9811	-1455	-984	938
9816	-1455	-947	951
9821	-1484	-917	963
9826	-1451	-921	990
9831	-1435	-927	999
9836	-1506	-917	971
9841	-1491	-972	1010
9846	-1445	-981	1022
9851	-1424	-955	1019
9856	-1451	-977	976
9861	-1419	-980	956
9866	-1420	-954	899
9871	-1455	-923	896
9876	-1484	-925	831
9881	-1411	-906	756
9886	-1482	-913	832
9891	-1488	-962	842
9896	-1455	-996	870
9901	-1463	-1021	890
9906	-1487	-1028	877
9911	-1469	-1052	872
9916	-1449	-1045	903
9921	-1463	-1030	894
9926	-1527	-1022	807
9931	-1502	-1026	783
9936	-1463	-1022	811
9941	-1478	-1008	844
9946	-1488	-967	902
9951	-1485	-941	914
9956	-1496	-908	958
9961	-1499	-920	933
9966	-1491	-954	928
9971	-1511	-937	886
9976	-1506	-970	861
9981	-1474	-978	869
9986	-1461	-999	868
9991	-1412	-1011	820
9996	-1395	-973	887
10001	-1429	-944	908
10006	-1474	-931	885
10011	-1494	-900	890
10016	-1526	-895	841
10021	-1526	-936	799
10026	-1489	-1011	846
10031	-1465	-1071	861
10036	-1406	-1061	855
10041	-1420	-1038	893
10046	-1437	-1029	917
10051	-1471	-1038	959
10056	-1538	-1008	903
10061	-1614	-1086	723
10066	-1586	-1112	684
10071	-1509	-1083	805
10076	-1470	-1078	811
10081	-1435	-1044	845
10086	-1455	-1006	908
10091	-1444	-991	955
10096	-1419	-997	993
10101	-1422	-993	935
10106	-1442	-1001	845
10111	-1443	-979	833
10116	-1473	-958	778
10121	-1520	-1002	765
10126	-1526	-1025	771
10131	-1526	-1055	791
10136	-1520	-1055	834
10141	-1510	-1038	865
10146	-1483	-1046	875
10151	-1456	-1022	842
10156	-1502	-1016	833
10161	-1531	-1030	776
10166	-1519	-1052	751
10171	-1503	-1065	761
10176	-1516	-1058	774
10181	-1492	-1024	781
10186	-1495	-1000	838
10191	-1464	-1021	855
10196	-1531	-1001	792
10201	-1515	-1012	844
10206	-1498	-999	866
10211	-1518	-983	851
10216	-1516	-1008	830
10221	-1515	-972	815
10226	-1490	-974	813
10231	-1459	-996	786
10236	-1473	-1035	799
10241	-1471	-1050	816
10246	-1474	-1045	788
10251	-1499	-1016	786
10256	-1533	-985	800
10261	-1507	-1011	797
10266	-1509	-1059	775
10271	-1528	-1078	752
10276	-1503	-1089	760
10281	-1486	-1058	769
10286	-1478	-1044	788
10291	-1466	-1030	796
10296	-1488	-1023	802
10301	-1511	-1064	791
10306	-1552	-1033	767
10311	-1538	-1002	756
10316	-1510	-1028	772
10321	-1498	-1014	802
10326	-1516	-988	813
10331	-1521	-992	806
10336	-1498	-1025	812
10341	-1497	-1053	818
10346	-1498	-1031	830
10351	-1479	-1020	841
10356	-1470	-1024	836
10361	-1486	-1017	838
10366	-1502	-998	823
10371	-1492	-992	804
10376	-1483	-991	820
10381	-1497	-979	814
10386	-1518	-973	798
10391	-1523	-989	784
10396	-1509	-1010	769
10401	-1500	-1038	785
10406	-1501	-1075	801
10411	-1487	-1093	794
10416	-1507	-1074	815
10421	-1533	-1071	819
10426	-1536	-1071	801
10431	-1515	-1094	775
10436	-1549	-1015	783
10441	-1535	-980	808
10446	-1527	-967	821
10451	-1520	-989	802
10456	-1484	-1035	817
10461	-1484	-1051	817
10466	-1470	-1026	861
10471	-1464	-1009	873
10476	-1492	-957	879
10481	-1470	-948	858
10486	-1485	-940	871
10491	-1516	-933	829
10496	-1519	-978	773
10501	-1530	-1053	748
10506	-1493	-1086	757
10511	-1493	-1094	795
10516	-1489	-1076	822
10521	-1485	-1066	834
10526	-1481	-1041	863
10531	-1467	-1021	870
10536	-1498	-1000	852
10541	-1542	-947	818
10546	-1520	-990	800
10551	-1499	-1038	805
10556	-1532	-1056	783
10561	-1518	-1075	778
10566	-1491	-1040	845
10571	-1481	-1051	877
10576	-1471	-1032	883
10581	-1443	-1003	904
10586	-1483	-933	801
10591	-1509	-875	898
10596	-1517	-874	885
10601	-1516	-860	889
10606	-1512	-863	869
10611	-1478	-873	892
10616	-1487	-922	868
10621	-1476	-974	842
10626	-1453	-1031	858
10631	-1432	-1041	859
10636	-1469	-1055	881
10641	-1476	-1077	865
10646	-1491	-1072	849
10651	-1493	-1050	865
10656	-1507	-1016	892
10661	-1517	-989	884
10666	-1519	-982	843
10671	-1524	-974	849
10676	-1522	-984	841
10681	-1498	-1009	862
10686	-1485	-982	894
10691	-1464	-960	924
10696	-1438	-950	959
10701	-1446	-922	986
10706	-1462	-895	989
10711	-1473	-884	975
10716	-1486	-922	926
10721	-1459	-957	942
10726	-1437	-945	944
10731	-1436	-915	947
10736	-1452	-910	965
10741	-1434	-895	972
10746	-1450	-887	986
10751	-1456	-880	950
10756	-1468	-919	959
10761	-1473	-936	946
10766	-1496	-930	941
10771	-1475	-944	928
10776	-1453	-949	934
10781	-1470	-955	940
10786	-1481	-943	933
10791	-1511	-968	897
10796	-1484	-974	921
10801	-1477	-965	952
10806	-1457	-951	969
10811	-1465	-925	996
10816	-1465	-940	987
10821	-1451	-959	967
10826	-1453	-950	969
10831	-1459	-946	969
10836	-1468	-906	968
10841	-1446	-893	973
10846	-1447	-884	1001
10851	-1446	-865	1012
10856	-1453	-863	1012
10861	-1449	-889	990
10866	-1447	-874	998
10871	-1435	-889	1019
10876	-1425	-878	1002
10881	-1429	-873	1017
10886	-1436	-859	1028
10891	-1434	-835	1033
10896	-1435	-827	1022
10901	-1455	-856	1005
10906	-1456	-855	1008
10911	-1458	-878	997
10916	-1463	-872	993
10921	-1458	-867	1014
10926	-1458	-853	1048
10931	-1440	-865	1057
10936	-1429	-873	1039
10941	-1442	-885	1016
10946	-1447	-910	1003
10951	-1442	-911	993
10956	-1442	-891	1012
10961	-1430	-867	1043
10966	-1422	-829	1082
10971	-1439	-826	1091
10976	-1464	-834	1062
10981	-1463	-842	1042
10986	-1447	-832	1040
10991	-1452	-817	1044
10996	-1457	-826	1016
11001	-1452	-824	1019
11006	-1436	-842	1029
11011	-1454	-835	1048
11016	-1441	-832	1039
11021	-1463	-845	1035
11026	-1460	-862	1046
11031	-1457	-853	1059
11036	-1471	-871	1076
11041	-1493	-872	1057
11046	-1482	-885	1035
11051	-1466	-898	1046
11056	-1451	-896	1052
11061	-1450	-867	1066
11066	-1449	-848	1065
11071	-1460	-842	1054
11076	-1445	-828	1054
11081	-1448	-824	1059
11086	-1442	-816	1063
11091	-1436	-812	1073
11096	-1430	-814	1070
11101	-1417	-817	1077
11106	-1410	-815	1101
11111	-1391	-818	1102
11116	-1396	-807	1091
11121	-1401	-807	1058
11126	-1407	-783	1078
11131	-1426	-783	1082
11136	-1432	-778	1081
11141	-1441	-772	1107
11146	-1441	-802	1093
11151	-1428	-813	1103
11156	-1425	-823	1092
11161	-1419	-830	1083
11166	-1420	-823	1086
11171	-1429	-800	1105
11176	-1417	-798	1103
11181	-1430	-786	1087
11186	-1439	-780	1092
11191	-1430	-776	1098
11196	-1434	-801	1084
11201	-1441	-830	1077
11206	-1433	-819	1077
11211	-1451	-837	1078
11216	-1443	-805	1072
11221	-1453	-782	1113
11226	-1439	-766	1130
11231	-1424	-770	1122
11236	-1434	-767	1119
11241	-1413	-785	1119
11246	-1413	-803	1129
11251	-1391	-800	1133
11256	-1386	-794	1119
11261	-1400	-787	1118
11266	-1411	-787	1129
11271	-1421	-790	1089
11276	-1430	-792	1105
11281	-1437	-807	1087
11286	-1458	-813	1085
11291	-1442	-822	1105
11296	-1440	-823	1110
11301	-1452	-835	1097
11306	-1435	-832	1119
11311	-1417	-818	1117
11316	-1415	-778	1129
11321	-1420	-761	1139
11326	-1419	-755	1121
11331	-1426	-760	1110
11336	-1422	-758	1117
11341	-1428	-757	1118
11346	-1429	-771	1114
11351	-1439	-778	1116
11356	-1435	-800	1101
11361	-1411	-812	1125
11366	-1413	-823	1139
11371	-1419	-826	1099
11376	-1402	-806	1111
11381	-1398	-777	1113
11386	-1400	-769	1127
11391	-1421	-746	1135
11396	-1409	-732	1129
11401	-1427	-745	1138
11406	-1419	-764	1119
11411	-1420	-799	1110
11416	-1413	-817	1123
11421	-1423	-809	1109
11426	-1396	-819	1136
11431	-1410	-772	1127
11436	-1417	-772	1115
11441	-1420	-751	1124
11446	-1421	-760	1123
11451	-1415	-761	1150
11456	-1418	-763	1137
11461	-1402	-768	1137
11466	-1391	-772	1138
11471	-1386	-769	1164
11476	-1394	-772	1139
11481	-1397	-785	1132
11486	-1391	-778	1146
11491	-1390	-762	1151
11496	-1380	-739	1168
11501	-1365	-718	1171
11506	-1378	-712	1178
11511	-1377	-710	1132
11516	-1402	-739	1124
11521	-1415	-744	1140
11526	-1411	-767	1135
11531	-1422	-756	1156
11536	-1426	-765	1156
11541	-1433	-769	1133
11546	-1381	-786	1126
11551	-1401	-784	1124
11556	-1393	-815	1134
11561	-1377	-810	1148
11566	-1396	-806	1136
11571	-1433	-793	1090
11576	-1418	-798	1097
11581	-1426	-766	1096
11586	-1415	-721	1075
11591	-1408	-744	1118
11596	-1402	-733	1132
11601	-1428	-759	1117
11606	-1428	-808	1099
11611	-1450	-845	1104
11616	-1450	-880	1079
11621	-1448	-902	1074
11626	-1472	-880	1075
11631	-1441	-867	1084
11636	-1413	-845	1110
11641	-1391	-812	1136
11646	-1400	-786	1137
11651	-1424	-804	1133
11656	-1430	-811	1100
11661	-1448	-822	1112
11666	-1445	-807	1081
11671	-1439	-825	1068
11676	-1452	-804	1095
11681	-1442	-801	1092
11686	-1434	-793	1091
11691	-1409	-783	1105
11696	-1410	-768	1124
11701	-1400	-750	1123
11706	-1373	-761	1129
11711	-1392	-759	1107
11716	-1407	-769	1098
11721	-1404	-788	1068
11726	-1421	-811	1080
11731	-1415	-822	1093
11736	-1403	-833	1083
11741	-1409	-854	1094
11746	-1430	-893	1085
11751	-1451	-871	1085
11756	-1455	-871	1101
11761	-1460	-856	1085
11766	-1462	-844	1094
11771	-1457	-815	1094
11776	-1432	-825	1082
11781	-1417	-828	1122
11786	-1399	-798	1129
11791	-1397	-787	1105
11796	-1394	-783	1086
11801	-1407	-781	1077
11806	-1438	-774	1085
11811	-1439	-796	1079
11816	-1563	-796	891
11821	-1406	-827	1083
11826	-1434	-848	1102
11831	-1416	-833	1115
11836	-1420	-852	1108
11841	-1416	-866	1092
11846	-1410	-865	1083
11851	-1407	-851	1068
11856	-1424	-861	1058
11861	-1424	-850	1083
11866	-1428	-842	1095
11871	-1443	-811	1098
11876	-1439	-810	1081
11881	-1433	-799	1077
11886	-1412	-777	1105
11891	-1431	-765	1106
11896	-1417	-787	1108
11901	-1415	-789	1116
11906	-1424	-825	1097
11911	-1420	-828	1096
11916	-1425	-844	1076
11921	-1429	-840	1078
11926	-1434	-827	1079
11931	-1425	-826	1114
11936	-1419	-842	1093
11941	-1421	-846	1100
11946	-1425	-852	1099
11951	-1418	-849	1077
11956	-1427	-834	1095
11961	-1428	-829	1090
11966	-1431	-817	1075
11971	-1431	-803	1084
11976	-1423	-805	1085
11981	-1434	-806	1095
11986	-1426	-841	1079
11991	-1422	-841	1077
11996	-1429	-863	1077
12001	-1430	-864	1082
12006	-1422	-852	1090
12011	-1426	-841	1093
12016	-1415	-828	1078
12021	-1403	-825	1102
12026	-1409	-803	1103
12031	-1413	-801	1110
12036	-1412	-811	1111
12041	-1406	-794	1098
12046	-1408	-789	1120
12051	-1406	-799	1121
12056	-1413	-798	1103
12061	-1420	-821	1084
12066	-1419	-848	1082
12071	-1420	-867	1085
12076	-1425	-877	1071
12081	-1420	-859	1073
12086	-1420	-847	1094
12091	-1435	-816	1087
12096	-1441	-803	1095
12101	-1437	-787	1091
12106	-1439	-787	1104
12111	-1447	-784	1103
12116	-1425	-827	1091
12121	-1429	-851	1099
12126	-1395	-862	1101
12131	-1406	-881	1087
12136	-1420	-871	1073
12141	-1415	-859	1078
12146	-1422	-847	1082
12151	-1427	-835	1081
12156	-1426	-841	1079
12161	-1429	-816	1089
12166	-1427	-799	1069
12171	-1432	-800	1084
12176	-1426	-797	1086
12181	-1420	-800	1098
12186	-1415	-816	1092
12191	-1403	-830	1078
12196	-1417	-849	1066
12201	-1422	-862	1066
12206	-1415	-865	1059
12211	-1428	-842	1088
12216	-1443	-853	1089
12221	-1451	-843	1072
12226	-1450	-840	1063
12231	-1436	-838	1085
12236	-1435	-826	1096
12241	-1429	-824	1085
12246	-1411	-816	1103
12251	-1416	-808	1082
12256	-1419	-835	1096
12261	-1428	-820	1078
12266	-1430	-818	1061
12271	-1411	-830	1079
12276	-1404	-838	1082
12281	-1405	-846	1072
12286	-1437	-845	1092
12291	-1448	-850	1071
12296	-1443	-846	1053
12301	-1439	-839	1066
12306	-1430	-828	1085
12311	-1414	-833	1086
12316	-1405	-818	1094
12321	-1389	-811	1083
12326	-1393	-801	1105
12331	-1406	-831	1098
12336	-1415	-848	1095
12341	-1436	-858	1093
12346	-1454	-857	1063
12351	-1444	-859	1059
12356	-1443	-872	1057
12361	-1423	-836	1070
12366	-1417	-807	1082
12371	-1430	-793	1079
12376	-1427	-793	1083
12381	-1424	-792	1083
12386	-1431	-802	1104
12391	-1432	-828	1085
12396	-1424	-854	1078
12401	-1414	-870	1067
12406	-1427	-882	1086
12411	-1400	-882	1068
12416	-1402	-851	1078
12421	-1407	-868	1093
12426	-1408	-864	1092
12431	-1415	-863	1097
12436	-1423	-854	1078
12441	-1435	-850	1070
12446	-1438	-846	1078
12451	-1434	-823	1072
12456	-1436	-814	1084
12461	-1421	-807	1073
12466	-1401	-803	1091
12471	-1392	-820	1107
12476	-1396	-840	1117
12481	-1407	-854	1096
12486	-1414	-854	1088
12491	-1433	-852	1094
12496	-1438	-852	1082
12501	-1451	-852	1046
12506	-1430	-839	1074
12511	-1420	-834	1070
12516	-1427	-836	1106
12521	-1432	-830	1074
